-200.00	0.00000e+000	0.00000e+000	0.00000e+000	0.00000e+000	0.00000e+000	0.00000e+000	0.00000e+000	0.00000e+000	0.00000e+000	0.00000e+000	0.00000e+000	0.00000e+000	0.00000e+000	0.00000e+000	0.00000e+000	0.00000e+000	0.00000e+000	0.00000e+000	
-199.90	4.93410e-011	-3.56072e-011	-2.58899e-016	3.12137e-011	-2.25189e-011	-1.65473e-016	4.45475e-006	-3.21479e-006	-1.37849e-008	6.45759e-013	-3.18184e-013	-1.03189e-018	4.90172e-010	-3.53735e-010	-1.51680e-015	8.05547e-011	-5.81261e-011	-4.24372e-016	
-199.80	6.01106e-010	3.29284e-011	1.78009e-014	3.78604e-010	2.20402e-011	1.13920e-014	5.40233e-005	3.15159e-006	9.49030e-007	7.83151e-012	3.12193e-013	7.11276e-017	5.48565e-009	6.77828e-010	1.05670e-013	9.79710e-010	5.49686e-011	2.91929e-014	
-199.70	-4.48379e-007	8.12004e-008	1.13000e-009	-4.21045e-006	7.17612e-007	6.42817e-009	-4.04851e-002	7.33116e-003	6.01660e-002	-8.72491e-005	1.48005e-005	1.26842e-007	-4.46023e-006	8.06308e-007	6.62020e-009	-4.65883e-006	7.98812e-007	7.55817e-009	
-199.60	-2.10307e-006	3.83413e-007	4.68975e-009	-1.92437e-005	3.26701e-006	2.63579e-008	-1.87628e-001	3.42090e-002	2.44315e-001	-1.93849e-004	3.25665e-005	2.23220e-007	-2.04026e-005	3.67551e-006	2.71576e-008	-2.13468e-005	3.65042e-006	3.10476e-008	
-199.50	-5.17596e-006	9.48666e-007	1.00951e-008	-4.64312e-005	7.75923e-006	5.66272e-008	-4.54957e-001	8.33997e-002	5.11353e-001	-3.13652e-004	5.03733e-005	3.18378e-007	-4.91852e-005	8.77494e-006	5.84680e-008	-5.16071e-005	8.70790e-006	6.67223e-008	
-199.40	-9.81447e-006	1.79710e-006	1.71785e-008	-8.71912e-005	1.41835e-005	9.75334e-008	-8.50111e-001	1.55666e-001	8.47962e-001	-4.47462e-004	6.79674e-005	4.19510e-007	-9.23007e-005	1.61467e-005	1.01016e-007	-9.70057e-005	1.59806e-005	1.14712e-007	
-199.30	-1.61627e-005	2.95019e-006	2.58934e-008	-1.43010e-004	2.25242e-005	1.49640e-007	-1.38058e+000	2.51957e-001	1.24928e+000	-5.95929e-004	8.53354e-005	5.26841e-007	-1.51303e-004	2.58316e-005	1.55441e-007	-1.59173e-004	2.54744e-005	1.75533e-007	
-199.20	-2.43591e-005	4.43331e-006	3.61932e-008	-2.15435e-004	3.27679e-005	2.13523e-007	-2.05353e+000	3.73628e-001	1.71180e+000	-7.59686e-004	1.02473e-004	6.40329e-007	-2.27790e-004	3.78772e-005	2.22355e-007	-2.39794e-004	3.72012e-005	2.49716e-007	
-199.10	-3.45346e-005	6.27518e-006	4.80213e-008	-3.06074e-004	4.49032e-005	2.89760e-007	-2.87573e+000	5.22378e-001	2.23263e+000	-9.39349e-004	1.19376e-004	7.59933e-007	-3.23405e-004	5.23290e-005	3.02347e-007	-3.40608e-004	5.11784e-005	3.37782e-007	
-199.00	-4.68121e-005	8.50690e-006	6.13096e-008	-4.16592e-004	5.89202e-005	3.78934e-007	-3.85353e+000	7.00151e-001	2.80935e+000	-1.13553e-003	1.36040e-004	8.85610e-007	-4.39846e-004	6.92281e-005	3.95988e-007	-4.63404e-004	6.74271e-005	4.40243e-007	
-198.90	-6.13056e-005	1.11621e-005	7.59794e-008	-5.48711e-004	7.48102e-005	4.81624e-007	-4.99285e+000	9.09141e-001	3.43997e+000	-1.34880e-003	1.52462e-004	1.01731e-006	-5.78858e-004	8.86208e-005	5.03827e-007	-6.10017e-004	8.59722e-005	5.57603e-007	
-198.80	-7.81176e-005	1.42777e-005	9.19414e-008	-7.04209e-004	9.25663e-005	5.98411e-007	-6.29903e+000	1.15188e+000	4.12277e+000	-1.57976e-003	1.68636e-004	1.15500e-006	-7.42217e-004	1.10566e-004	6.26396e-007	-7.82327e-004	1.06844e-004	6.90352e-007	
-198.70	-9.73375e-005	1.78952e-005	1.09096e-007	-8.84914e-004	1.12184e-004	7.29871e-007	-7.77669e+000	1.43131e+000	4.85626e+000	-1.82896e-003	1.84560e-004	1.29861e-006	-9.31731e-004	1.35137e-004	7.64207e-007	-9.82252e-004	1.30080e-004	8.38967e-007	
-198.60	-1.19040e-004	2.20615e-005	1.27333e-007	-1.09270e-003	1.33663e-004	8.76581e-007	-9.42970e+000	1.75086e+000	5.63917e+000	-2.09694e-003	2.00230e-004	1.44809e-006	-1.14924e-003	1.62419e-004	9.17760e-007	-1.21174e-003	1.55725e-004	1.00391e-006	
-198.50	-1.43283e-004	2.68298e-005	1.46539e-007	-1.32951e-003	1.57005e-004	1.03911e-006	-1.12611e+001	2.11454e+000	6.47044e+000	-2.38424e-003	2.15643e-004	1.60340e-006	-1.39662e-003	1.92518e-004	1.08754e-006	-1.47279e-003	1.83835e-004	1.18565e-006	
-198.40	-1.70111e-004	3.22606e-005	1.66589e-007	-1.59729e-003	1.82217e-004	1.21803e-006	-1.32732e+001	2.52699e+000	7.34920e+000	-2.69136e-003	2.30794e-004	1.76447e-006	-1.67577e-003	2.25552e-004	1.27403e-006	-1.76740e-003	2.14477e-004	1.38462e-006	
-198.30	-1.99547e-004	3.84213e-005	1.87361e-007	-1.89808e-003	2.09309e-004	1.41391e-006	-1.54674e+001	2.99344e+000	8.27483e+000	-3.01882e-003	2.45680e-004	1.93124e-006	-1.98863e-003	2.61647e-004	1.47769e-006	-2.09763e-003	2.47730e-004	1.60127e-006	
-198.20	-2.31600e-004	4.53869e-005	2.08726e-007	-2.23394e-003	2.38295e-004	1.62731e-006	-1.78444e+001	3.51975e+000	9.24698e+000	-3.36707e-003	2.60299e-004	2.10366e-006	-2.33716e-003	3.00944e-004	1.69900e-006	-2.46554e-003	2.83682e-004	1.83603e-006	
-198.10	-2.66264e-004	5.32393e-005	2.30561e-007	-2.60696e-003	2.69194e-004	1.85878e-006	-2.04042e+001	4.11232e+000	1.02655e+001	-3.73660e-003	2.74648e-004	2.28167e-006	-2.72338e-003	3.43588e-004	1.93841e-006	-2.87323e-003	3.22433e-004	2.08934e-006	
-198.00	-3.03514e-004	6.20657e-005	2.52743e-007	-3.01930e-003	3.02026e-004	2.10889e-006	-2.31464e+001	4.77803e+000	1.13307e+001	-4.12785e-003	2.88723e-004	2.46519e-006	-3.14933e-003	3.89721e-004	2.19639e-006	-3.32282e-003	3.64092e-004	2.36164e-006	
-197.90	-3.43316e-004	7.19570e-005	2.75154e-007	-3.47315e-003	3.36814e-004	2.37820e-006	-2.60703e+001	5.52397e+000	1.24430e+001	-4.54124e-003	3.02521e-004	2.65416e-006	-3.61710e-003	4.39475e-004	2.47341e-006	-3.81646e-003	4.08771e-004	2.65335e-006	
-197.80	-3.85626e-004	8.30056e-005	2.97686e-007	-3.97072e-003	3.73580e-004	2.66725e-006	-2.91750e+001	6.35735e+000	1.36032e+001	-4.97719e-003	3.16041e-004	2.84851e-006	-4.12886e-003	4.92972e-004	2.76994e-006	-4.35635e-003	4.56586e-004	2.96493e-006	
-197.70	-4.30393e-004	9.53021e-005	3.20237e-007	-4.51430e-003	4.12346e-004	2.97659e-006	-3.24599e+001	7.28521e+000	1.48125e+001	-5.43609e-003	3.29280e-004	3.04817e-006	-4.68680e-003	5.50307e-004	3.08645e-006	-4.94470e-003	5.07648e-004	3.29682e-006	
-197.60	-4.77561e-004	1.08932e-004	3.42718e-007	-5.10621e-003	4.53129e-004	3.30676e-006	-3.59252e+001	8.31412e+000	1.60724e+001	-5.91831e-003	3.42234e-004	3.25307e-006	-5.29321e-003	6.11544e-004	3.42343e-006	-5.58377e-003	5.62061e-004	3.64948e-006	
-197.50	-5.27079e-004	1.23972e-004	3.65051e-007	-5.74878e-003	4.95942e-004	3.65832e-006	-3.95714e+001	9.44997e+000	1.73848e+001	-6.42421e-003	3.54902e-004	3.46313e-006	-5.95042e-003	6.76716e-004	3.78136e-006	-6.27586e-003	6.19914e-004	4.02337e-006	
-197.40	-5.78895e-004	1.40489e-004	3.87173e-007	-6.44443e-003	5.40793e-004	4.03179e-006	-4.34002e+001	1.06979e+001	1.87518e+001	-6.95413e-003	3.67281e-004	3.67828e-006	-6.66083e-003	7.45833e-004	4.16076e-006	-7.02332e-003	6.81281e-004	4.41896e-006	
-197.30	-6.32964e-004	1.58538e-004	4.09036e-007	-7.19558e-003	5.87681e-004	4.42772e-006	-4.74143e+001	1.20622e+001	2.01762e+001	-7.50839e-003	3.79368e-004	3.89843e-006	-7.42688e-003	8.18887e-004	4.56212e-006	-7.82854e-003	7.46219e-004	4.83676e-006	
-197.20	-6.89246e-004	1.78162e-004	4.30605e-007	-8.00472e-003	6.36603e-004	4.84664e-006	-5.16174e+001	1.35462e+001	2.16608e+001	-8.08728e-003	3.91161e-004	4.12352e-006	-8.25108e-003	8.95847e-004	4.98597e-006	-8.69396e-003	8.14765e-004	5.27724e-006	
-197.10	-7.47709e-004	1.99392e-004	4.51863e-007	-8.87435e-003	6.87546e-004	5.28907e-006	-5.60143e+001	1.51526e+001	2.32087e+001	-8.69109e-003	4.02657e-004	4.35345e-006	-9.13596e-003	9.76672e-004	5.43284e-006	-9.62205e-003	8.86938e-004	5.74093e-006	
-197.00	-8.08327e-004	2.22247e-004	4.72760e-007	-9.80701e-003	7.40499e-004	5.75528e-006	-6.06106e+001	1.68835e+001	2.48210e+001	-9.31995e-003	4.13947e-004	4.58312e-006	-1.00841e-002	1.06132e-003	5.90299e-006	-1.06153e-002	9.62746e-004	6.22804e-006	
-196.90	-8.71079e-004	2.46737e-004	4.93154e-007	-1.08053e-002	7.95457e-004	6.24493e-006	-6.54128e+001	1.87403e+001	2.64934e+001	-9.97400e-003	4.25125e-004	4.80738e-006	-1.10981e-002	1.14976e-003	6.39608e-006	-1.16763e-002	1.04219e-003	6.73808e-006	
-196.80	-9.35953e-004	2.72863e-004	5.12865e-007	-1.18717e-002	8.52418e-004	6.75739e-006	-7.04282e+001	2.07243e+001	2.82197e+001	-1.06535e-002	4.36184e-004	5.02649e-006	-1.21805e-002	1.24195e-003	6.91147e-006	-1.28076e-002	1.12528e-003	7.27026e-006	
-196.70	-1.00294e-003	3.00617e-004	5.31746e-007	-1.30089e-002	9.11375e-004	7.29211e-006	-7.56646e+001	2.28362e+001	2.99955e+001	-1.13586e-002	4.47126e-004	5.24035e-006	-1.33340e-002	1.33787e-003	7.44858e-006	-1.40118e-002	1.21199e-003	7.82385e-006	
-196.60	-1.07203e-003	3.29986e-004	5.49681e-007	-1.42195e-002	9.72323e-004	7.84850e-006	-8.11308e+001	2.50771e+001	3.18182e+001	-1.20895e-002	4.57950e-004	5.44888e-006	-1.45613e-002	1.43749e-003	8.00685e-006	-1.52915e-002	1.30231e-003	8.39818e-006	
-196.50	-1.14324e-003	3.60955e-004	5.66580e-007	-1.55062e-002	1.03526e-003	8.42603e-006	-8.68355e+001	2.74478e+001	3.36859e+001	-1.28464e-002	4.68656e-004	5.65203e-006	-1.58650e-002	1.54083e-003	8.58570e-006	-1.66494e-002	1.39621e-003	8.99260e-006	
-196.40	-1.21655e-003	3.93503e-004	5.82377e-007	-1.68716e-002	1.10017e-003	9.02413e-006	-9.27880e+001	2.99494e+001	3.55981e+001	-1.36294e-002	4.79244e-004	5.84976e-006	-1.72478e-002	1.64786e-003	9.18457e-006	-1.80881e-002	1.49368e-003	9.60650e-006	
-196.30	-1.29198e-003	4.27611e-004	5.97030e-007	-1.83184e-002	1.16707e-003	9.64226e-006	-9.89980e+001	3.25836e+001	3.75543e+001	-1.44387e-002	4.89714e-004	6.04202e-006	-1.87125e-002	1.75861e-003	9.80290e-006	-1.96104e-002	1.59468e-003	1.02393e-005	
-196.20	-1.36954e-003	4.63258e-004	6.10515e-007	-1.98494e-002	1.23594e-003	1.02799e-005	-1.05475e+002	3.53519e+001	3.95549e+001	-1.52744e-002	5.00065e-004	6.22877e-006	-2.02616e-002	1.87308e-003	1.04401e-005	-2.12189e-002	1.69920e-003	1.08904e-005	
-196.10	-1.44924e-003	5.00419e-004	6.22825e-007	-2.14672e-002	1.30680e-003	1.09364e-005	-1.12230e+002	3.82564e+001	4.16002e+001	-1.61366e-002	5.10299e-004	6.40996e-006	-2.18980e-002	1.99127e-003	1.10957e-005	-2.29164e-002	1.80722e-003	1.15593e-005	
-196.00	-1.53109e-003	5.39073e-004	6.33968e-007	-2.31746e-002	1.37965e-003	1.16114e-005	-1.19273e+002	4.12993e+001	4.36909e+001	-1.70253e-002	5.20413e-004	6.58558e-006	-2.36245e-002	2.11318e-003	1.17692e-005	-2.47057e-002	1.91872e-003	1.22453e-005	
-195.90	-1.61512e-003	5.79193e-004	6.43962e-007	-2.49742e-002	1.45448e-003	1.23042e-005	-1.26615e+002	4.44830e+001	4.58273e+001	-1.79405e-002	5.30408e-004	6.75558e-006	-2.54438e-002	2.23881e-003	1.24599e-005	-2.65893e-002	2.03368e-003	1.29481e-005	
-195.80	-1.70135e-003	6.20754e-004	6.52836e-007	-2.68689e-002	1.53132e-003	1.30142e-005	-1.34267e+002	4.78101e+001	4.80097e+001	-1.88824e-002	5.40285e-004	6.91993e-006	-2.73587e-002	2.36816e-003	1.31673e-005	-2.85703e-002	2.15207e-003	1.36670e-005	
-195.70	-1.78981e-003	6.63731e-004	6.60623e-007	-2.88614e-002	1.61016e-003	1.37410e-005	-1.42241e+002	5.12836e+001	5.02382e+001	-1.98508e-002	5.50042e-004	7.07862e-006	-2.93720e-002	2.50125e-003	1.38908e-005	-3.06512e-002	2.27389e-003	1.44016e-005	
-195.60	-1.88052e-003	7.08098e-004	6.67360e-007	-3.09544e-002	1.69101e-003	1.44839e-005	-1.50550e+002	5.49065e+001	5.25125e+001	-2.08458e-002	5.59679e-004	7.23161e-006	-3.14865e-002	2.63808e-003	1.46299e-005	-3.28349e-002	2.39911e-003	1.51512e-005	
-195.50	-1.97354e-003	7.53830e-004	6.73083e-007	-3.31506e-002	1.77389e-003	1.52423e-005	-1.59204e+002	5.86823e+001	5.48316e+001	-2.18673e-002	5.69198e-004	7.37889e-006	-3.37051e-002	2.77866e-003	1.53841e-005	-3.51241e-002	2.52772e-003	1.59154e-005	
-195.40	-2.06890e-003	8.00904e-004	6.77826e-007	-3.54528e-002	1.85882e-003	1.60157e-005	-1.68218e+002	6.26147e+001	5.71941e+001	-2.29153e-002	5.78597e-004	7.52042e-006	-3.60304e-002	2.92300e-003	1.61526e-005	-3.75217e-002	2.65972e-003	1.66935e-005	
-195.30	-2.16664e-003	8.49297e-004	6.81615e-007	-3.78638e-002	1.94580e-003	1.68035e-005	-1.77603e+002	6.67075e+001	5.95980e+001	-2.39896e-002	5.87876e-004	7.65619e-006	-3.84654e-002	3.07112e-003	1.69349e-005	-4.00304e-002	2.79509e-003	1.74851e-005	
-195.20	-2.26682e-003	8.98987e-004	6.84469e-007	-4.03862e-002	2.03485e-003	1.76050e-005	-1.87374e+002	7.09650e+001	6.20406e+001	-2.50902e-002	5.97037e-004	7.78618e-006	-4.10129e-002	3.22304e-003	1.77303e-005	-4.26530e-002	2.93384e-003	1.82895e-005	
-195.10	-2.36949e-003	9.49958e-004	6.86396e-007	-4.30228e-002	2.12600e-003	1.84197e-005	-1.97543e+002	7.53919e+001	6.45183e+001	-2.62169e-002	6.06078e-004	7.91036e-006	-4.36755e-002	3.37881e-003	1.85382e-005	-4.53923e-002	3.07596e-003	1.91061e-005	
-195.00	-2.47470e-003	1.00220e-003	6.87390e-007	-4.57762e-002	2.21927e-003	1.92468e-005	-2.08125e+002	7.99932e+001	6.70268e+001	-2.73696e-002	6.15001e-004	8.02872e-006	-4.64562e-002	3.53846e-003	1.93579e-005	-4.82509e-002	3.22146e-003	1.99342e-005	
-194.90	-2.58251e-003	1.05569e-003	6.87427e-007	-4.86492e-002	2.31468e-003	2.00859e-005	-2.19133e+002	8.47742e+001	6.95610e+001	-2.85481e-002	6.23805e-004	8.14124e-006	-4.93578e-002	3.70204e-003	2.01886e-005	-5.12317e-002	3.37037e-003	2.07733e-005	
-194.80	-2.69299e-003	1.11043e-003	6.86468e-007	-5.16444e-002	2.41226e-003	2.09361e-005	-2.30582e+002	8.97409e+001	7.21147e+001	-2.97521e-002	6.32492e-004	8.24789e-006	-5.23828e-002	3.86961e-003	2.10295e-005	-5.43374e-002	3.52269e-003	2.16225e-005	
-194.70	-2.80620e-003	1.16643e-003	6.84450e-007	-5.47645e-002	2.51204e-003	2.17968e-005	-2.42485e+002	9.48994e+001	7.46810e+001	-3.09816e-002	6.41062e-004	8.34865e-006	-5.55343e-002	4.04122e-003	2.18800e-005	-5.75707e-002	3.67847e-003	2.24813e-005	
-194.60	-2.92221e-003	1.22367e-003	6.81290e-007	-5.80121e-002	2.61407e-003	2.26674e-005	-2.54857e+002	1.00256e+002	7.72517e+001	-3.22362e-002	6.49516e-004	8.44351e-006	-5.88147e-002	4.21692e-003	2.27391e-005	-6.09343e-002	3.83773e-003	2.33487e-005	
-194.50	-3.04109e-003	1.28216e-003	6.76884e-007	-6.13897e-002	2.71836e-003	2.35471e-005	-2.67714e+002	1.05817e+002	7.98180e+001	-3.35156e-002	6.57854e-004	8.53245e-006	-6.22270e-002	4.39677e-003	2.36060e-005	-6.44308e-002	4.00052e-003	2.42240e-005	
-194.40	-3.16291e-003	1.34191e-003	6.71102e-007	-6.49001e-002	2.82496e-003	2.44353e-005	-2.81071e+002	1.11590e+002	8.23698e+001	-3.48196e-002	6.66078e-004	8.61544e-006	-6.57738e-002	4.58082e-003	2.44799e-005	-6.80630e-002	4.16686e-003	2.51064e-005	
-194.30	-3.28776e-003	1.40291e-003	6.63795e-007	-6.85457e-002	2.93390e-003	2.53311e-005	-2.94944e+002	1.17581e+002	8.48964e+001	-3.61479e-002	6.74188e-004	8.69246e-006	-6.94578e-002	4.76911e-003	2.53596e-005	-7.18335e-002	4.33681e-003	2.59949e-005	
-194.20	-3.41572e-003	1.46519e-003	6.54786e-007	-7.23290e-002	3.04522e-003	2.62339e-005	-3.09347e+002	1.23797e+002	8.73857e+001	-3.75002e-002	6.82187e-004	8.76349e-006	-7.32817e-002	4.96171e-003	2.62443e-005	-7.57448e-002	4.51042e-003	2.68887e-005	
-194.10	-3.54689e-003	1.52875e-003	6.43880e-007	-7.62527e-002	3.15896e-003	2.71429e-005	-3.24299e+002	1.30246e+002	8.98252e+001	-3.88760e-002	6.90075e-004	8.82850e-006	-7.72482e-002	5.15864e-003	2.71331e-005	-7.97995e-002	4.68771e-003	2.77868e-005	
-194.00	-3.68135e-003	1.59360e-003	6.30859e-007	-8.03190e-002	3.27515e-003	2.80574e-005	-3.39817e+002	1.36933e+002	9.22012e+001	-4.02751e-002	6.97854e-004	8.88748e-006	-8.13598e-002	5.35996e-003	2.80247e-005	-8.40003e-002	4.86875e-003	2.86882e-005	
-193.90	-3.81922e-003	1.65974e-003	6.15487e-007	-8.45304e-002	3.39383e-003	2.89765e-005	-3.55917e+002	1.43866e+002	9.44992e+001	-4.16970e-002	7.05525e-004	8.94040e-006	-8.56192e-002	5.56569e-003	2.89182e-005	-8.83497e-002	5.05357e-003	2.95920e-005	
-193.80	-3.96059e-003	1.72719e-003	5.97511e-007	-8.88894e-002	3.51503e-003	2.98995e-005	-3.72618e+002	1.51051e+002	9.67042e+001	-4.31413e-002	7.13090e-004	8.98723e-006	-9.00289e-002	5.77586e-003	2.98126e-005	-9.28500e-002	5.24222e-003	3.04970e-005	
-193.70	-4.10558e-003	1.79593e-003	5.76664e-007	-9.33983e-002	3.63879e-003	3.08255e-005	-3.89939e+002	1.58494e+002	9.88005e+001	-4.46075e-002	7.20552e-004	9.02795e-006	-9.45916e-002	5.99048e-003	3.07066e-005	-9.75039e-002	5.43473e-003	3.14022e-005	
-193.60	-4.25431e-003	1.86598e-003	5.52670e-007	-9.80594e-002	3.76514e-003	3.17538e-005	-4.07899e+002	1.66202e+002	1.00772e+002	-4.60953e-002	7.27911e-004	9.06252e-006	-9.93097e-002	6.20957e-003	3.15991e-005	-1.02314e-001	5.63113e-003	3.23065e-005	
-193.50	-4.40690e-003	1.93734e-003	5.25246e-007	-1.02875e-001	3.89411e-003	3.26836e-005	-4.26517e+002	1.74180e+002	1.02601e+002	-4.76042e-002	7.35170e-004	9.09093e-006	-1.04186e-001	6.43314e-003	3.24892e-005	-1.07282e-001	5.83145e-003	3.32089e-005	
-193.40	-4.56349e-003	2.01000e-003	4.94106e-007	-1.07847e-001	4.02574e-003	3.36140e-005	-4.45814e+002	1.82435e+002	1.04271e+002	-4.91336e-002	7.42333e-004	9.11313e-006	-1.09222e-001	6.66122e-003	3.33755e-005	-1.12411e-001	6.03573e-003	3.41081e-005	
-193.30	-4.72421e-003	2.08395e-003	4.58964e-007	-1.12978e-001	4.16004e-003	3.45442e-005	-4.65811e+002	1.90971e+002	1.05766e+002	-5.06830e-002	7.49399e-004	9.12911e-006	-1.14421e-001	6.89380e-003	3.42570e-005	-1.17702e-001	6.24398e-003	3.50032e-005	
-193.20	-4.88919e-003	2.15919e-003	4.19480e-007	-1.18270e-001	4.29708e-003	3.54730e-005	-4.86529e+002	1.99795e+002	1.07063e+002	-5.22518e-002	7.57090e-004	9.13164e-006	-1.19785e-001	7.13090e-003	3.51322e-005	-1.23159e-001	6.45626e-003	3.58925e-005	
-193.10	-5.05858e-003	2.23571e-003	3.75255e-007	-1.23725e-001	4.43696e-003	3.63988e-005	-5.07988e+002	2.08911e+002	1.08139e+002	-5.38396e-002	7.65320e-004	9.12283e-006	-1.25317e-001	7.37261e-003	3.59991e-005	-1.28784e-001	6.67267e-003	3.67741e-005	
-193.00	-5.23253e-003	2.31356e-003	3.25979e-007	-1.29345e-001	4.58023e-003	3.73205e-005	-5.30213e+002	2.18330e+002	1.08974e+002	-5.54450e-002	7.83503e-004	9.10666e-006	-1.31018e-001	7.61947e-003	3.68565e-005	-1.34578e-001	6.89380e-003	3.76465e-005	
-192.90	-5.41118e-003	2.39280e-003	2.71534e-007	-1.35132e-001	4.72762e-003	3.82377e-005	-5.53224e+002	2.28063e+002	1.09559e+002	-5.70685e-002	8.02596e-004	9.09491e-006	-1.36892e-001	7.87224e-003	3.77038e-005	-1.40544e-001	7.12042e-003	3.85092e-005	
-192.80	-5.59470e-003	2.47352e-003	2.11949e-007	-1.41088e-001	4.88010e-003	3.91508e-005	-5.77045e+002	2.38125e+002	1.09890e+002	-5.87082e-002	8.41631e-004	9.08430e-006	-1.42939e-001	8.13194e-003	3.85410e-005	-1.46683e-001	7.35362e-003	3.93627e-005	
-192.70	-5.78324e-003	2.55587e-003	1.47222e-007	-1.47215e-001	5.03913e-003	4.00596e-005	-6.01700e+002	2.48534e+002	1.09957e+002	-6.03651e-002	8.83052e-004	9.07347e-006	-1.49162e-001	8.40012e-003	3.93682e-005	-1.52998e-001	7.59501e-003	4.02068e-005	
-192.60	-5.97696e-003	2.63996e-003	7.73149e-008	-1.53514e-001	5.20576e-003	4.09638e-005	-6.27213e+002	2.59304e+002	1.09751e+002	-6.20375e-002	9.44998e-004	9.05807e-006	-1.55564e-001	8.67787e-003	4.01848e-005	-1.59491e-001	7.84572e-003	4.10412e-005	
-192.50	-6.17604e-003	2.72592e-003	2.16922e-009	-1.59988e-001	5.38134e-003	4.18628e-005	-6.53609e+002	2.70452e+002	1.09256e+002	-6.37267e-002	1.00719e-003	9.03748e-006	-1.62145e-001	8.96663e-003	4.09901e-005	-1.66164e-001	8.10726e-003	4.18650e-005	
-192.40	-6.38068e-003	2.81372e-003	-7.81764e-008	-1.66637e-001	5.56576e-003	4.27562e-005	-6.80916e+002	2.81979e+002	1.08462e+002	-6.54325e-002	1.06887e-003	9.01820e-006	-1.68909e-001	9.26620e-003	4.17840e-005	-1.73018e-001	8.37948e-003	4.26781e-005	
-192.30	-6.59106e-003	2.90332e-003	-1.63534e-007	-1.73465e-001	5.75903e-003	4.36442e-005	-7.09161e+002	2.93886e+002	1.07367e+002	-6.71549e-002	1.13129e-003	9.00139e-006	-1.75858e-001	9.57652e-003	4.25668e-005	-1.80056e-001	8.66236e-003	4.34807e-005	
-192.20	-6.80741e-003	2.99467e-003	-2.53701e-007	-1.80472e-001	5.96118e-003	4.45266e-005	-7.38375e+002	3.06173e+002	1.05964e+002	-6.88938e-002	1.19311e-003	8.98139e-006	-1.82993e-001	9.89753e-003	4.33386e-005	-1.87279e-001	8.95585e-003	4.42729e-005	
-192.10	-7.02995e-003	3.08770e-003	-3.48443e-007	-1.87661e-001	6.17220e-003	4.54034e-005	-7.68586e+002	3.18839e+002	1.04249e+002	-7.06491e-002	1.25564e-003	8.96340e-006	-1.90317e-001	1.02291e-002	4.40996e-005	-1.94691e-001	9.25990e-003	4.50550e-005	
-192.00	-7.25889e-003	3.18235e-003	-4.47453e-007	-1.95034e-001	6.39212e-003	4.62745e-005	-7.99825e+002	3.31886e+002	1.02219e+002	-7.24206e-002	1.31806e-003	8.94163e-006	-1.97832e-001	1.05713e-002	4.48501e-005	-2.02293e-001	9.57447e-003	4.58270e-005	
-191.90	-7.49447e-003	3.27854e-003	-5.50371e-007	-2.02592e-001	6.62097e-003	4.71396e-005	-8.32126e+002	3.45312e+002	9.98725e+001	-7.42085e-002	1.38122e-003	8.92247e-006	-2.05541e-001	1.09239e-002	4.55905e-005	-2.10086e-001	9.89951e-003	4.65892e-005	
-191.80	-7.73695e-003	3.37618e-003	-6.56750e-007	-2.10337e-001	6.85878e-003	4.79989e-005	-8.65519e+002	3.59117e+002	9.72108e+001	-7.60124e-002	1.44429e-003	8.89904e-006	-2.13444e-001	1.12870e-002	4.63212e-005	-2.18074e-001	1.02350e-002	4.73421e-005	
-191.70	-7.98655e-003	3.47519e-003	-7.66094e-007	-2.18272e-001	7.10557e-003	4.88522e-005	-9.00040e+002	3.73300e+002	9.42366e+001	-7.78325e-002	1.50811e-003	8.87875e-006	-2.21545e-001	1.16603e-002	4.70428e-005	-2.26258e-001	1.05808e-002	4.80861e-005	
-191.60	-8.24353e-003	3.57547e-003	-8.77809e-007	-2.26397e-001	7.36137e-003	4.96996e-005	-9.35721e+002	3.87858e+002	9.09565e+001	-7.96686e-002	1.57184e-003	8.85370e-006	-2.29846e-001	1.20439e-002	4.77562e-005	-2.34641e-001	1.09368e-002	4.88218e-005	
-191.50	-8.50816e-003	3.67690e-003	-9.91253e-007	-2.34715e-001	7.62619e-003	5.05410e-005	-9.72598e+002	4.02791e+002	8.73781e+001	-8.15206e-002	1.63631e-003	8.83232e-006	-2.38349e-001	1.24375e-002	4.84621e-005	-2.43223e-001	1.13031e-002	4.95498e-005	
-191.40	-8.78069e-003	3.77937e-003	-1.10568e-006	-2.43228e-001	7.90007e-003	5.13767e-005	-1.01071e+003	4.18098e+002	8.35134e+001	-8.33885e-002	1.70070e-003	8.80567e-006	-2.47056e-001	1.28412e-002	4.91616e-005	-2.52009e-001	1.16794e-002	5.02710e-005	
-191.30	-9.06137e-003	3.88278e-003	-1.22032e-006	-2.51938e-001	8.18302e-003	5.22065e-005	-1.05008e+003	4.33776e+002	7.93753e+001	-8.52722e-002	1.76583e-003	8.78324e-006	-2.55968e-001	1.32549e-002	4.98555e-005	-2.60999e-001	1.20658e-002	5.09862e-005	
-191.20	-9.35048e-003	3.98700e-003	-1.33427e-006	-2.60845e-001	8.47507e-003	5.30309e-005	-1.09076e+003	4.49824e+002	7.49815e+001	-8.71716e-002	1.83089e-003	8.75505e-006	-2.65090e-001	1.36784e-002	5.05453e-005	-2.70196e-001	1.24621e-002	5.16966e-005	
-191.10	-9.64828e-003	4.09192e-003	-1.44663e-006	-2.69953e-001	8.77623e-003	5.38497e-005	-1.13278e+003	4.66240e+002	7.03505e+001	-8.90867e-002	1.89674e-003	8.73127e-006	-2.74421e-001	1.41117e-002	5.12321e-005	-2.79601e-001	1.28682e-002	5.24030e-005	
-191.00	-9.95501e-003	4.19743e-003	-1.55637e-006	-2.79263e-001	9.08658e-003	5.46633e-005	-1.17618e+003	4.83025e+002	6.55058e+001	-9.10173e-002	1.96299e-003	8.70221e-006	-2.83965e-001	1.45548e-002	5.19173e-005	-2.89218e-001	1.32840e-002	5.31069e-005	
-190.90	-1.02710e-002	4.30340e-003	-1.66247e-006	-2.88776e-001	9.40615e-003	5.54719e-005	-1.22100e+003	5.00178e+002	6.04715e+001	-9.29634e-002	2.03003e-003	8.67732e-006	-2.93724e-001	1.50075e-002	5.26024e-005	-2.99047e-001	1.37096e-002	5.38095e-005	
-190.80	-1.05964e-002	4.40974e-003	-1.76381e-006	-2.98495e-001	9.73502e-003	5.62759e-005	-1.26727e+003	5.17697e+002	5.52765e+001	-9.49249e-002	2.09746e-003	8.64694e-006	-3.03700e-001	1.54700e-002	5.32891e-005	-3.09092e-001	1.41448e-002	5.45121e-005	
-190.70	-1.09315e-002	4.51634e-003	-1.85929e-006	-3.08422e-001	1.00732e-002	5.70754e-005	-1.31504e+003	5.35585e+002	4.99498e+001	-9.69018e-002	2.16565e-003	8.62071e-006	-3.13895e-001	1.59421e-002	5.39788e-005	-3.19354e-001	1.45896e-002	5.52161e-005	
-190.60	-1.12766e-002	4.62309e-003	-1.94771e-006	-3.18558e-001	1.04208e-002	5.78709e-005	-1.36434e+003	5.53840e+002	4.45250e+001	-9.88939e-002	2.23373e-003	8.58905e-006	-3.24311e-001	1.64239e-002	5.46732e-005	-3.29834e-001	1.50439e-002	5.59232e-005	
-190.50	-1.16319e-002	4.72990e-003	-2.02793e-006	-3.28905e-001	1.07779e-002	5.86626e-005	-1.41521e+003	5.72463e+002	3.90356e+001	-1.00901e-001	2.30262e-003	8.56167e-006	-3.34950e-001	1.69153e-002	5.53741e-005	-3.40537e-001	1.55078e-002	5.66347e-005	
-190.40	-1.19976e-002	4.83668e-003	-2.09874e-006	-3.39464e-001	1.11444e-002	5.94510e-005	-1.46770e+003	5.91458e+002	3.35194e+001	-1.02924e-001	2.37191e-003	8.52916e-006	-3.45814e-001	1.74164e-002	5.60832e-005	-3.51462e-001	1.59811e-002	5.73523e-005	
-190.30	-1.23740e-002	4.94337e-003	-2.15900e-006	-3.50239e-001	1.15205e-002	6.02364e-005	-1.52184e+003	6.10825e+002	2.80131e+001	-1.04961e-001	2.44194e-003	8.50074e-006	-3.56906e-001	1.79272e-002	5.68021e-005	-3.62613e-001	1.64638e-002	5.80774e-005	
-190.20	-1.27613e-002	5.04989e-003	-2.20752e-006	-3.61229e-001	1.19062e-002	6.10194e-005	-1.57767e+003	6.30568e+002	2.25570e+001	-1.07014e-001	2.51235e-003	8.46706e-006	-3.68227e-001	1.84478e-002	5.75326e-005	-3.73991e-001	1.69561e-002	5.88119e-005	
-190.10	-1.31597e-002	5.15618e-003	-2.24324e-006	-3.72438e-001	1.23017e-002	6.18002e-005	-1.63524e+003	6.50690e+002	1.71898e+001	-1.09081e-001	2.58351e-003	8.43743e-006	-3.79779e-001	1.89782e-002	5.82762e-005	-3.85598e-001	1.74579e-002	5.95570e-005	
-190.00	-1.35695e-002	5.26220e-003	-2.26508e-006	-3.83867e-001	1.27069e-002	6.25794e-005	-1.69458e+003	6.71195e+002	1.19526e+001	-1.11164e-001	2.65453e-003	8.40248e-006	-3.91565e-001	1.95185e-002	5.90346e-005	-3.97436e-001	1.79691e-002	6.03144e-005	
-189.90	-1.39907e-002	5.36791e-003	-2.27209e-006	-3.95517e-001	1.31220e-002	6.33573e-005	-1.75574e+003	6.92088e+002	6.88462e+000	-1.13261e-001	2.72635e-003	8.37166e-006	-4.03586e-001	2.00687e-002	5.98092e-005	-4.09508e-001	1.84899e-002	6.10852e-005	
-189.80	-1.44237e-002	5.47329e-003	-2.26336e-006	-4.07391e-001	1.35471e-002	6.41344e-005	-1.81876e+003	7.13373e+002	2.02673e+000	-1.15373e-001	2.79859e-003	8.33605e-006	-4.15845e-001	2.06291e-002	6.06014e-005	-4.21815e-001	1.90204e-002	6.18711e-005	
-189.70	-1.48687e-002	5.57832e-003	-2.23813e-006	-4.19491e-001	1.39822e-002	6.49111e-005	-1.88368e+003	7.35056e+002	-2.58320e+000	-1.17499e-001	2.87153e-003	8.30443e-006	-4.28343e-001	2.11996e-002	6.14124e-005	-4.34359e-001	1.95605e-002	6.26730e-005	
-189.60	-1.53257e-002	5.68301e-003	-2.19572e-006	-4.31817e-001	1.44274e-002	6.56879e-005	-1.95055e+003	7.57144e+002	-6.90709e+000	-1.19640e-001	2.94530e-003	8.26755e-006	-4.41083e-001	2.17805e-002	6.22432e-005	-4.47143e-001	2.01104e-002	6.34921e-005	
-189.50	-1.57949e-002	5.78737e-003	-2.13563e-006	-4.44372e-001	1.48829e-002	6.64649e-005	-2.01940e+003	7.79645e+002	-1.09108e+001	-1.21795e-001	3.01998e-003	8.23489e-006	-4.54066e-001	2.23720e-002	6.30946e-005	-4.60167e-001	2.06703e-002	6.43293e-005	
-189.40	-1.62766e-002	5.89145e-003	-2.05749e-006	-4.57158e-001	1.53489e-002	6.72427e-005	-2.09029e+003	8.02566e+002	-1.45601e+001	-1.23965e-001	3.09507e-003	8.19746e-006	-4.67295e-001	2.29742e-002	6.39675e-005	-4.73434e-001	2.12404e-002	6.51853e-005	
-189.30	-1.67709e-002	5.99527e-003	-1.96111e-006	-4.70176e-001	1.58254e-002	6.80216e-005	-2.16326e+003	8.25916e+002	-1.78261e+001	-1.26149e-001	3.17086e-003	8.16391e-006	-4.80771e-001	2.35874e-002	6.48620e-005	-4.86947e-001	2.18207e-002	6.60605e-005	
-189.20	-1.72779e-002	6.09889e-003	-1.84649e-006	-4.83428e-001	1.63126e-002	6.88018e-005	-2.23834e+003	8.49703e+002	-2.06812e+001	-1.28348e-001	3.24703e-003	8.12548e-006	-4.94497e-001	2.42118e-002	6.57785e-005	-5.00706e-001	2.24115e-002	6.69553e-005	
-189.10	-1.77977e-002	6.20238e-003	-1.71381e-006	-4.96916e-001	1.68105e-002	6.95835e-005	-2.31559e+003	8.73937e+002	-2.31037e+001	-1.30561e-001	3.32389e-003	8.09087e-006	-5.08473e-001	2.48475e-002	6.67168e-005	-5.14713e-001	2.30129e-002	6.78697e-005	
-189.00	-1.83305e-002	6.30581e-003	-1.56345e-006	-5.10641e-001	1.73193e-002	7.03670e-005	-2.39506e+003	8.98627e+002	-2.50738e+001	-1.32787e-001	3.40114e-003	8.05144e-006	-5.22703e-001	2.54949e-002	6.76766e-005	-5.28971e-001	2.36251e-002	6.88035e-005	
-188.90	-1.88765e-002	6.40928e-003	-1.39604e-006	-5.24605e-001	1.78391e-002	7.11522e-005	-2.47678e+003	9.23784e+002	-2.65783e+001	-1.35028e-001	3.47907e-003	8.01580e-006	-5.37189e-001	2.61542e-002	6.86571e-005	-5.43482e-001	2.42484e-002	6.97562e-005	
-188.80	-1.94356e-002	6.51288e-003	-1.21237e-006	-5.38811e-001	1.83701e-002	7.19394e-005	-2.56080e+003	9.49419e+002	-2.76068e+001	-1.37283e-001	3.55739e-003	7.97540e-006	-5.51931e-001	2.68256e-002	6.96574e-005	-5.58247e-001	2.48830e-002	7.07271e-005	
-188.70	-2.00081e-002	6.61675e-003	-1.01350e-006	-5.53259e-001	1.89124e-002	7.27285e-005	-2.64718e+003	9.75543e+002	-2.81556e+001	-1.39552e-001	3.63638e-003	7.93873e-006	-5.66932e-001	2.75095e-002	7.06763e-005	-5.73267e-001	2.55291e-002	7.17150e-005	
-188.60	-2.05940e-002	6.72098e-003	-8.00661e-007	-5.67952e-001	1.94660e-002	7.35195e-005	-2.73595e+003	1.00217e+003	-2.82242e+001	-1.41835e-001	3.71518e-003	7.89722e-006	-5.82194e-001	2.82060e-002	7.17122e-005	-5.88546e-001	2.61870e-002	7.27188e-005	
-188.50	-2.11934e-002	6.82573e-003	-5.75330e-007	-5.82891e-001	2.00311e-002	7.43121e-005	-2.82718e+003	1.02930e+003	-2.78194e+001	-1.44131e-001	3.79483e-003	7.85946e-006	-5.97718e-001	2.89155e-002	7.27633e-005	-6.04084e-001	2.68569e-002	7.37368e-005	
-188.40	-2.18065e-002	6.93114e-003	-3.39151e-007	-5.98077e-001	2.06079e-002	7.51064e-005	-2.92089e+003	1.05697e+003	-2.69504e+001	-1.46442e-001	3.87489e-003	7.81736e-006	-6.13507e-001	2.96383e-002	7.38276e-005	-6.19884e-001	2.75390e-002	7.47672e-005	
-188.30	-2.24331e-002	7.03737e-003	-9.39879e-008	-6.13514e-001	2.11965e-002	7.59019e-005	-3.01716e+003	1.08517e+003	-2.56337e+001	-1.48766e-001	3.95560e-003	7.77889e-006	-6.29563e-001	3.03747e-002	7.49027e-005	-6.35947e-001	2.82338e-002	7.58079e-005	
-188.20	-2.30735e-002	7.14457e-003	1.58146e-007	-6.29201e-001	2.17970e-002	7.66986e-005	-3.11601e+003	1.11392e+003	-2.38887e+001	-1.51103e-001	4.03671e-003	7.73585e-006	-6.45887e-001	3.11251e-002	7.59861e-005	-6.52275e-001	2.89416e-002	7.68568e-005	
-188.10	-2.37278e-002	7.25294e-003	4.15048e-007	-6.45142e-001	2.24096e-002	7.74959e-005	-3.21752e+003	1.14324e+003	-2.17411e+001	-1.53454e-001	4.11847e-003	7.69637e-006	-6.62481e-001	3.18898e-002	7.70749e-005	-6.68870e-001	2.96625e-002	7.79110e-005	
-188.00	-2.43958e-002	7.36265e-003	6.74412e-007	-6.61337e-001	2.30344e-002	7.82936e-005	-3.32171e+003	1.17313e+003	-1.92192e+001	-1.55819e-001	4.20108e-003	7.65196e-006	-6.79347e-001	3.26692e-002	7.81664e-005	-6.85733e-001	3.03971e-002	7.89680e-005	
-187.90	-2.50778e-002	7.47389e-003	9.33792e-007	-6.77789e-001	2.36718e-002	7.90911e-005	-3.42865e+003	1.20363e+003	-1.63565e+001	-1.58196e-001	4.28465e-003	7.61142e-006	-6.96486e-001	3.34636e-002	7.92572e-005	-7.02867e-001	3.11456e-002	8.00249e-005	
-187.80	-2.57737e-002	7.58686e-003	1.19071e-006	-6.94499e-001	2.43217e-002	7.98881e-005	-3.53839e+003	1.23473e+003	-1.31872e+001	-1.60588e-001	4.36865e-003	7.56668e-006	-7.13901e-001	3.42735e-002	8.03444e-005	-7.20272e-001	3.19086e-002	8.10788e-005	
-187.70	-2.64835e-002	7.70176e-003	1.44259e-006	-7.11468e-001	2.49844e-002	8.06839e-005	-3.65098e+003	1.26645e+003	-9.75007e+000	-1.62992e-001	4.45328e-003	7.52536e-006	-7.31593e-001	3.50993e-002	8.14248e-005	-7.37952e-001	3.26862e-002	8.21265e-005	
-187.60	-2.72074e-002	7.81880e-003	1.68689e-006	-7.28699e-001	2.56601e-002	8.14781e-005	-3.76647e+003	1.29881e+003	-6.08387e+000	-1.65410e-001	4.53831e-003	7.47969e-006	-7.49565e-001	3.59412e-002	8.24951e-005	-7.55907e-001	3.34789e-002	8.31650e-005	
-187.50	-2.79453e-002	7.93818e-003	1.92104e-006	-7.46194e-001	2.63489e-002	8.22702e-005	-3.88492e+003	1.33183e+003	-2.23013e+000	-1.67840e-001	4.62397e-003	7.43736e-006	-7.67817e-001	3.67998e-002	8.35520e-005	-7.74139e-001	3.42870e-002	8.41912e-005	
-187.40	-2.86973e-002	8.06010e-003	2.14259e-006	-7.63953e-001	2.70509e-002	8.30597e-005	-4.00638e+003	1.36552e+003	1.77135e+000	-1.70284e-001	4.71003e-003	7.39075e-006	-7.86352e-001	3.76753e-002	8.45927e-005	-7.92650e-001	3.51110e-002	8.52022e-005	
-187.30	-2.94633e-002	8.18478e-003	2.34913e-006	-7.81979e-001	2.77663e-002	8.38459e-005	-4.13090e+003	1.39989e+003	5.87979e+000	-1.72741e-001	4.79670e-003	7.34742e-006	-8.05171e-001	3.85681e-002	8.56141e-005	-8.11442e-001	3.59511e-002	8.61950e-005	
-187.20	-3.02434e-002	8.31243e-003	2.53845e-006	-8.00273e-001	2.84953e-002	8.46284e-005	-4.25854e+003	1.43496e+003	1.00580e+001	-1.75210e-001	4.88379e-003	7.29988e-006	-8.24276e-001	3.94786e-002	8.66135e-005	-8.30516e-001	3.68077e-002	8.71668e-005	
-187.10	-3.10376e-002	8.44324e-003	2.70849e-006	-8.18836e-001	2.92380e-002	8.54067e-005	-4.38935e+003	1.47074e+003	1.42695e+001	-1.77693e-001	4.97148e-003	7.25555e-006	-8.43670e-001	4.04072e-002	8.75884e-005	-8.49874e-001	3.76813e-002	8.81152e-005	
-187.00	-3.18460e-002	8.57742e-003	2.85742e-006	-8.37672e-001	2.99946e-002	8.61804e-005	-4.52339e+003	1.50726e+003	1.84837e+001	-1.80188e-001	5.05957e-003	7.20708e-006	-8.63353e-001	4.13542e-002	8.85368e-005	-8.69518e-001	3.85721e-002	8.90379e-005	
-186.90	-3.26685e-002	8.71518e-003	2.98367e-006	-8.56781e-001	3.07653e-002	8.69492e-005	-4.66073e+003	1.54451e+003	2.26723e+001	-1.82696e-001	5.14827e-003	7.16175e-006	-8.83327e-001	4.23200e-002	8.94567e-005	-8.89449e-001	3.94805e-002	8.99328e-005	
-186.80	-3.35051e-002	8.85670e-003	3.08600e-006	-8.76164e-001	3.15501e-002	8.77126e-005	-4.80140e+003	1.58253e+003	2.68147e+001	-1.85217e-001	5.23738e-003	7.11237e-006	-9.03595e-001	4.33049e-002	9.03469e-005	-9.09670e-001	4.04068e-002	9.07986e-005	
-186.70	-3.43559e-002	9.00217e-003	3.16347e-006	-8.95825e-001	3.23493e-002	8.84705e-005	-4.94548e+003	1.62133e+003	3.08947e+001	-1.87750e-001	5.32708e-003	7.06607e-006	-9.24158e-001	4.43093e-002	9.12063e-005	-9.30181e-001	4.13515e-002	9.16340e-005	
-186.60	-3.52209e-002	9.15178e-003	3.21552e-006	-9.15763e-001	3.31630e-002	8.92228e-005	-5.09303e+003	1.66091e+003	3.49052e+001	-1.90296e-001	5.41720e-003	7.01579e-006	-9.45017e-001	4.53334e-002	9.20347e-005	-9.50984e-001	4.23148e-002	9.24383e-005	
-186.50	-3.61000e-002	9.30569e-003	3.24200e-006	-9.35982e-001	3.39914e-002	8.99693e-005	-5.24409e+003	1.70129e+003	3.88454e+001	-1.92854e-001	5.50790e-003	6.96853e-006	-9.66175e-001	4.63776e-002	9.28321e-005	-9.72082e-001	4.32971e-002	9.32113e-005	
-186.40	-3.69934e-002	9.46409e-003	3.24316e-006	-9.56482e-001	3.48346e-002	9.07102e-005	-5.39874e+003	1.74250e+003	4.27247e+001	-1.95425e-001	5.59954e-003	6.91689e-006	-9.87633e-001	4.74423e-002	9.35991e-005	-9.93476e-001	4.42987e-002	9.39534e-005	
-186.30	-3.79010e-002	9.62713e-003	3.21969e-006	-9.77266e-001	3.56928e-002	9.14456e-005	-5.55703e+003	1.78454e+003	4.65602e+001	-1.98007e-001	5.69217e-003	6.86854e-006	-1.00939e+000	4.85278e-002	9.43370e-005	-1.01517e+000	4.53199e-002	9.46653e-005	
-186.20	-3.88229e-002	9.79495e-003	3.17277e-006	-9.98334e-001	3.65663e-002	9.21757e-005	-5.71903e+003	1.82742e+003	5.03808e+001	-2.00603e-001	5.78527e-003	6.81664e-006	-1.03146e+000	4.96343e-002	9.50477e-005	-1.03716e+000	4.63612e-002	9.53485e-005	
-186.10	-3.97590e-002	9.96770e-003	3.10399e-006	-1.01969e+000	3.74551e-002	9.29011e-005	-5.88480e+003	1.87117e+003	5.42239e+001	-2.03210e-001	5.87893e-003	6.76765e-006	-1.05383e+000	5.07623e-002	9.57336e-005	-1.05945e+000	4.74228e-002	9.60051e-005	
-186.00	-4.07095e-002	1.01455e-002	3.01544e-006	-1.04133e+000	3.83594e-002	9.36223e-005	-6.05441e+003	1.91579e+003	5.81381e+001	-2.05829e-001	5.97302e-003	6.71493e-006	-1.07650e+000	5.19118e-002	9.63978e-005	-1.08204e+000	4.85048e-002	9.66378e-005	
-185.90	-4.16745e-002	1.03284e-002	2.90962e-006	-1.06327e+000	3.92793e-002	9.43399e-005	-6.22791e+003	1.96130e+003	6.21812e+001	-2.08461e-001	6.06768e-003	6.66505e-006	-1.09949e+000	5.30832e-002	9.70439e-005	-1.10494e+000	4.96077e-002	9.72495e-005	
-185.80	-4.26538e-002	1.05166e-002	2.78950e-006	-1.08549e+000	4.02150e-002	9.50547e-005	-6.40539e+003	2.00771e+003	6.64223e+001	-2.11104e-001	6.16276e-003	6.61155e-006	-1.12279e+000	5.42767e-002	9.76761e-005	-1.12815e+000	5.07316e-002	9.78442e-005	
-185.70	-4.36477e-002	1.07102e-002	2.65845e-006	-1.10801e+000	4.11667e-002	9.57676e-005	-6.58689e+003	2.05503e+003	7.09391e+001	-2.13760e-001	6.25876e-003	6.56068e-006	-1.14640e+000	5.54924e-002	9.82992e-005	-1.15166e+000	5.18768e-002	9.84260e-005	
-185.60	-4.46562e-002	1.09091e-002	2.52023e-006	-1.13082e+000	4.21344e-002	9.64796e-005	-6.77250e+003	2.10327e+003	7.58199e+001	-2.16427e-001	6.35470e-003	6.50609e-006	-1.17032e+000	5.67305e-002	9.89183e-005	-1.17548e+000	5.30435e-002	9.89998e-005	
-185.50	-4.56794e-002	1.11134e-002	2.37894e-006	-1.15393e+000	4.31183e-002	9.71918e-005	-6.96227e+003	2.15245e+003	8.11606e+001	-2.19106e-001	6.45155e-003	6.45424e-006	-1.19456e+000	5.79912e-002	9.95390e-005	-1.19961e+000	5.42317e-002	9.95707e-005	
-185.40	-4.67174e-002	1.13233e-002	2.23902e-006	-1.17734e+000	4.41185e-002	9.79055e-005	-7.15629e+003	2.20258e+003	8.70666e+001	-2.21797e-001	6.54888e-003	6.39915e-006	-1.21912e+000	5.92747e-002	1.00167e-004	-1.22406e+000	5.54418e-002	1.00144e-004	
-185.30	-4.77703e-002	1.15386e-002	2.10512e-006	-1.20105e+000	4.51352e-002	9.86218e-005	-7.35463e+003	2.25366e+003	9.36491e+001	-2.24500e-001	6.64675e-003	6.34672e-006	-1.24400e+000	6.05810e-002	1.00810e-004	-1.24882e+000	5.66737e-002	1.00727e-004	
-185.20	-4.88383e-002	1.17594e-002	1.98213e-006	-1.22506e+000	4.61684e-002	9.93424e-005	-7.55735e+003	2.30571e+003	1.01026e+002	-2.27214e-001	6.74504e-003	6.29096e-006	-1.26921e+000	6.19103e-002	1.01473e-004	-1.27390e+000	5.79278e-002	1.01325e-004	
-185.10	-4.99214e-002	1.19857e-002	1.87506e-006	-1.24937e+000	4.72183e-002	1.00068e-004	-7.76453e+003	2.35873e+003	1.09320e+002	-2.29940e-001	6.84401e-003	6.23774e-006	-1.29473e+000	6.32625e-002	1.02163e-004	-1.29929e+000	5.92040e-002	1.01944e-004	
-185.00	-5.10199e-002	1.22174e-002	1.78896e-006	-1.27399e+000	4.82850e-002	1.00802e-004	-7.97625e+003	2.41274e+003	1.18655e+002	-2.32677e-001	6.94383e-003	6.18107e-006	-1.32059e+000	6.46377e-002	1.02888e-004	-1.32501e+000	6.05024e-002	1.02591e-004	
-184.90	-5.21338e-002	1.24545e-002	1.72891e-006	-1.29892e+000	4.93687e-002	1.01543e-004	-8.19258e+003	2.46774e+003	1.29159e+002	-2.35426e-001	7.04425e-003	6.12725e-006	-1.34677e+000	6.60361e-002	1.03653e-004	-1.35105e+000	6.18232e-002	1.03272e-004	
-184.80	-5.32635e-002	1.26968e-002	1.69989e-006	-1.32415e+000	5.04695e-002	1.02295e-004	-8.41360e+003	2.52374e+003	1.40960e+002	-2.38186e-001	7.14508e-003	6.07033e-006	-1.37328e+000	6.74574e-002	1.04465e-004	-1.37741e+000	6.31663e-002	1.03995e-004	
-184.70	-5.44090e-002	1.29444e-002	1.70671e-006	-1.34969e+000	5.15874e-002	1.03058e-004	-8.63940e+003	2.58075e+003	1.54181e+002	-2.40958e-001	7.24645e-003	6.01585e-006	-1.40012e+000	6.89018e-002	1.05331e-004	-1.40410e+000	6.45317e-002	1.04765e-004	
-184.60	-5.55707e-002	1.31970e-002	1.75394e-006	-1.37555e+000	5.27225e-002	1.03834e-004	-8.87005e+003	2.63877e+003	1.68946e+002	-2.43740e-001	7.34881e-003	5.95796e-006	-1.42730e+000	7.03691e-002	1.06257e-004	-1.43112e+000	6.59195e-002	1.05588e-004	
-184.50	-5.67486e-002	1.34545e-002	1.84579e-006	-1.40172e+000	5.38751e-002	1.04624e-004	-9.10562e+003	2.69781e+003	1.85371e+002	-2.46534e-001	7.45221e-003	5.90265e-006	-1.45481e+000	7.18594e-002	1.07247e-004	-1.45847e+000	6.73296e-002	1.06470e-004	
-184.40	-5.79431e-002	1.37169e-002	1.98612e-006	-1.42820e+000	5.50452e-002	1.05430e-004	-9.34622e+003	2.75787e+003	2.03565e+002	-2.49339e-001	7.55610e-003	5.84462e-006	-1.48267e+000	7.33724e-002	1.08308e-004	-1.48615e+000	6.87620e-002	1.07416e-004	
-184.30	-5.91545e-002	1.39838e-002	2.17824e-006	-1.45500e+000	5.62328e-002	1.06253e-004	-9.59191e+003	2.81896e+003	2.23628e+002	-2.52155e-001	7.66049e-003	5.78890e-006	-1.51086e+000	7.49081e-002	1.09442e-004	-1.51416e+000	7.02166e-002	1.08431e-004	
-184.20	-6.03829e-002	1.42551e-002	2.42493e-006	-1.48212e+000	5.74381e-002	1.07094e-004	-9.84279e+003	2.88107e+003	2.45650e+002	-2.54982e-001	7.76532e-003	5.73031e-006	-1.53939e+000	7.64662e-002	1.10654e-004	-1.54251e+000	7.16932e-002	1.09518e-004	
-184.10	-6.16286e-002	1.45306e-002	2.72830e-006	-1.50956e+000	5.86611e-002	1.07953e-004	-1.00989e+004	2.94422e+003	2.69707e+002	-2.57820e-001	7.87088e-003	5.67379e-006	-1.56827e+000	7.80465e-002	1.11945e-004	-1.57119e+000	7.31917e-002	1.10681e-004	
-184.00	-6.28920e-002	1.48100e-002	3.08975e-006	-1.53733e+000	5.99019e-002	1.08831e-004	-1.03604e+004	3.00840e+003	2.95862e+002	-2.60669e-001	7.97736e-003	5.61431e-006	-1.59749e+000	7.96488e-002	1.13319e-004	-1.60022e+000	7.47119e-002	1.11921e-004	
-183.90	-6.41732e-002	1.50930e-002	3.50994e-006	-1.56541e+000	6.11606e-002	1.09730e-004	-1.06274e+004	3.07361e+003	3.24160e+002	-2.63529e-001	8.08439e-003	5.55728e-006	-1.62707e+000	8.12730e-002	1.14774e-004	-1.62959e+000	7.62537e-002	1.13240e-004	
-183.80	-6.54727e-002	1.53795e-002	3.98868e-006	-1.59382e+000	6.24373e-002	1.10649e-004	-1.08999e+004	3.13986e+003	3.54633e+002	-2.66400e-001	8.19185e-003	5.49757e-006	-1.65699e+000	8.29186e-002	1.16310e-004	-1.65930e+000	7.78167e-002	1.14637e-004	
-183.70	-6.67907e-002	1.56690e-002	4.52494e-006	-1.62256e+000	6.37318e-002	1.11588e-004	-1.11780e+004	3.20713e+003	3.87288e+002	-2.69281e-001	8.29978e-003	5.43987e-006	-1.68727e+000	8.45854e-002	1.17927e-004	-1.68935e+000	7.94009e-002	1.16113e-004	
-183.60	-6.81276e-002	1.59613e-002	5.11677e-006	-1.65163e+000	6.50444e-002	1.12547e-004	-1.14618e+004	3.27544e+003	4.22118e+002	-2.72173e-001	8.40815e-003	5.37953e-006	-1.71790e+000	8.62731e-002	1.19620e-004	-1.71976e+000	8.10057e-002	1.17664e-004	
-183.50	-6.94835e-002	1.62561e-002	5.76131e-006	-1.68103e+000	6.63750e-002	1.13527e-004	-1.17514e+004	3.34477e+003	4.59092e+002	-2.75076e-001	8.51750e-003	5.32088e-006	-1.74889e+000	8.79812e-002	1.21385e-004	-1.75051e+000	8.26311e-002	1.19288e-004	
-183.40	-7.08589e-002	1.65530e-002	6.45477e-006	-1.71076e+000	6.77236e-002	1.14525e-004	-1.20469e+004	3.41512e+003	4.98159e+002	-2.77989e-001	8.62655e-003	5.25948e-006	-1.78023e+000	8.97095e-002	1.23218e-004	-1.78162e+000	8.42766e-002	1.20980e-004	
-183.30	-7.22540e-002	1.68516e-002	7.19242e-006	-1.74082e+000	6.90905e-002	1.15542e-004	-1.23483e+004	3.48649e+003	5.39246e+002	-2.80912e-001	8.74043e-003	5.19885e-006	-1.81194e+000	9.14577e-002	1.25112e-004	-1.81308e+000	8.59420e-002	1.22734e-004	
-183.20	-7.36692e-002	1.71516e-002	7.96864e-006	-1.77122e+000	7.04758e-002	1.16575e-004	-1.26559e+004	3.55888e+003	5.82258e+002	-2.83846e-001	8.85437e-003	5.13752e-006	-1.84401e+000	9.32256e-002	1.27058e-004	-1.84489e+000	8.76274e-002	1.24544e-004	
-183.10	-7.51047e-002	1.74527e-002	8.77694e-006	-1.80196e+000	7.18796e-002	1.17624e-004	-1.29696e+004	3.63228e+003	6.27081e+002	-2.86790e-001	8.96870e-003	5.07753e-006	-1.87645e+000	9.50129e-002	1.29049e-004	-1.87706e+000	8.93323e-002	1.26401e-004	
-183.00	-7.65608e-002	1.77544e-002	9.60997e-006	-1.83303e+000	7.33019e-002	1.18688e-004	-1.32896e+004	3.70669e+003	6.73575e+002	-2.89745e-001	9.08268e-003	5.01525e-006	-1.90925e+000	9.68190e-002	1.31073e-004	-1.90960e+000	9.10562e-002	1.28298e-004	
-182.90	-7.80379e-002	1.80563e-002	1.04596e-005	-1.86445e+000	7.47424e-002	1.19763e-004	-1.36159e+004	3.78210e+003	7.21584e+002	-2.92710e-001	9.19706e-003	4.95447e-006	-1.94242e+000	9.86434e-002	1.33119e-004	-1.94249e+000	9.27987e-002	1.30223e-004	
-182.80	-7.95361e-002	1.83580e-002	1.13170e-005	-1.89621e+000	7.62013e-002	1.20849e-004	-1.39486e+004	3.85849e+003	7.70927e+002	-2.95685e-001	9.31108e-003	4.89106e-006	-1.97596e+000	1.00486e-001	1.35177e-004	-1.97575e+000	9.45594e-002	1.32166e-004	
-182.70	-8.10558e-002	1.86592e-002	1.21726e-005	-1.92831e+000	7.76785e-002	1.21941e-004	-1.42879e+004	3.93587e+003	8.21409e+002	-2.98671e-001	9.42638e-003	4.82945e-006	-2.00987e+000	1.02345e-001	1.37232e-004	-2.00937e+000	9.63377e-002	1.34114e-004	
-182.60	-8.25972e-002	1.89594e-002	1.30165e-005	-1.96076e+000	7.91740e-002	1.23039e-004	-1.46337e+004	4.01423e+003	8.72816e+002	-3.01666e-001	9.54218e-003	4.76538e-006	-2.04416e+000	1.04222e-001	1.39271e-004	-2.04336e+000	9.81334e-002	1.36055e-004	
-182.50	-8.41606e-002	1.92581e-002	1.38381e-005	-1.99356e+000	8.06879e-002	1.24139e-004	-1.49863e+004	4.09355e+003	9.24917e+002	-3.04671e-001	9.65896e-003	4.70227e-006	-2.07883e+000	1.06115e-001	1.41281e-004	-2.07772e+000	9.99460e-002	1.37977e-004	
-182.40	-8.57462e-002	1.95550e-002	1.46267e-005	-2.02670e+000	8.22202e-002	1.25237e-004	-1.53457e+004	4.17383e+003	9.77469e+002	-3.07687e-001	9.77682e-003	4.63659e-006	-2.11387e+000	1.08024e-001	1.43245e-004	-2.11245e+000	1.01775e-001	1.39864e-004	
-182.30	-8.73542e-002	1.98498e-002	1.53714e-005	-2.06020e+000	8.37709e-002	1.26332e-004	-1.57120e+004	4.25506e+003	1.03022e+003	-3.10712e-001	9.89573e-003	4.57233e-006	-2.14929e+000	1.09949e-001	1.45151e-004	-2.14755e+000	1.03621e-001	1.41703e-004	
-182.20	-8.89847e-002	2.01418e-002	1.60610e-005	-2.09404e+000	8.53401e-002	1.27419e-004	-1.60853e+004	4.33724e+003	1.08290e+003	-3.13747e-001	1.00151e-002	4.50602e-006	-2.18510e+000	1.11890e-001	1.46981e-004	-2.18303e+000	1.05482e-001	1.43480e-004	
-182.10	-9.06381e-002	2.04309e-002	1.66847e-005	-2.12824e+000	8.69277e-002	1.28496e-004	-1.64656e+004	4.42034e+003	1.13525e+003	-3.16792e-001	1.01349e-002	4.44071e-006	-2.22129e+000	1.13845e-001	1.48723e-004	-2.21888e+000	1.07359e-001	1.45181e-004	
-182.00	-9.23145e-002	2.07165e-002	1.72316e-005	-2.16280e+000	8.85337e-002	1.29559e-004	-1.68531e+004	4.50437e+003	1.18698e+003	-3.19847e-001	1.02551e-002	4.37326e-006	-2.25786e+000	1.15815e-001	1.50360e-004	-2.25511e+000	1.09250e-001	1.46791e-004	
-181.90	-9.40141e-002	2.09983e-002	1.76914e-005	-2.19771e+000	9.01582e-002	1.30605e-004	-1.72479e+004	4.58931e+003	1.23783e+003	-3.22912e-001	1.03756e-002	4.30667e-006	-2.29483e+000	1.17798e-001	1.51879e-004	-2.29173e+000	1.11156e-001	1.48296e-004	
-181.80	-9.57369e-002	2.12758e-002	1.80543e-005	-2.23299e+000	9.18009e-002	1.31630e-004	-1.76500e+004	4.67516e+003	1.28752e+003	-3.25986e-001	1.04966e-002	4.23801e-006	-2.33218e+000	1.19795e-001	1.53267e-004	-2.32872e+000	1.13077e-001	1.49684e-004	
-181.70	-9.74832e-002	2.15488e-002	1.83110e-005	-2.26862e+000	9.34621e-002	1.32631e-004	-1.80595e+004	4.76189e+003	1.33578e+003	-3.29070e-001	1.06186e-002	4.16984e-006	-2.36992e+000	1.21806e-001	1.54510e-004	-2.36610e+000	1.15011e-001	1.50942e-004	
-181.60	-9.92531e-002	2.18169e-002	1.84531e-005	-2.30461e+000	9.51416e-002	1.33605e-004	-1.84766e+004	4.84951e+003	1.38235e+003	-3.32163e-001	1.07409e-002	4.09977e-006	-2.40806e+000	1.23829e-001	1.55597e-004	-2.40386e+000	1.16958e-001	1.52058e-004	
-181.50	-1.01047e-001	2.20797e-002	1.84731e-005	-2.34097e+000	9.68397e-002	1.34549e-004	-1.89013e+004	4.93800e+003	1.42698e+003	-3.35266e-001	1.08677e-002	4.03239e-006	-2.44659e+000	1.25865e-001	1.56518e-004	-2.44202e+000	1.18919e-001	1.53022e-004	
-181.40	-1.02864e-001	2.23369e-002	1.83648e-005	-2.37769e+000	9.85565e-002	1.35460e-004	-1.93337e+004	5.02736e+003	1.46944e+003	-3.38377e-001	1.09954e-002	3.96173e-006	-2.48552e+000	1.27913e-001	1.57262e-004	-2.48056e+000	1.20893e-001	1.53825e-004	
-181.30	-1.04705e-001	2.25883e-002	1.81229e-005	-2.41478e+000	1.00292e-001	1.36335e-004	-1.97740e+004	5.11757e+003	1.50951e+003	-3.41499e-001	1.11249e-002	3.89141e-006	-2.52485e+000	1.29974e-001	1.57824e-004	-2.51949e+000	1.22881e-001	1.54458e-004	
-181.20	-1.06571e-001	2.28335e-002	1.77434e-005	-2.45224e+000	1.02047e-001	1.37172e-004	-2.02221e+004	5.20864e+003	1.54697e+003	-3.44629e-001	1.12550e-002	3.81921e-006	-2.56458e+000	1.32046e-001	1.58196e-004	-2.55881e+000	1.24880e-001	1.54915e-004	
