-200.00	0.00000e+000	0.00000e+000	0.00000e+000	0.00000e+000	0.00000e+000	0.00000e+000	-0.00000e+000	-0.00000e+000	-0.00000e+000	-0.00000e+000	-0.00000e+000	-0.00000e+000	0.00000e+000	0.00000e+000	0.00000e+000	0.00000e+000	0.00000e+000	0.00000e+000	
-199.90	-0.00000e+000	-0.00000e+000	0.00000e+000	-0.00000e+000	0.00000e+000	-0.00000e+000	-0.00000e+000	-0.00000e+000	-0.00000e+000	-0.00000e+000	-0.00000e+000	-0.00000e+000	0.00000e+000	0.00000e+000	0.00000e+000	-0.00000e+000	0.00000e+000	0.00000e+000	
-199.80	-7.92159e-003	-1.15365e-002	2.44581e-003	-6.40568e-001	7.63622e-002	-6.28874e-001	-1.83487e-002	-1.19334e-002	-0.00000e+000	-1.77378e+000	6.69639e-001	6.02911e-005	3.18306e-004	2.63145e-004	1.98817e-003	-1.81801e-003	1.04489e-002	6.73114e-003	
-199.70	-6.21027e-002	-8.92568e-002	2.44194e-002	-5.23740e+000	4.40887e-001	-4.83084e+000	-1.47792e-001	-1.57408e-001	-2.74649e-006	-1.04616e+001	4.38775e+000	-4.75715e-003	2.52914e-003	2.07521e-003	1.58976e-002	-1.43101e-002	8.15398e-002	5.38033e-002	
-199.60	-2.04000e-001	-2.88931e-001	9.78224e-002	-1.79891e+001	9.32291e-001	-1.55032e+001	8.53632e+001	-2.53694e+001	-3.06954e-005	-1.82964e+002	-1.22250e+003	-2.92474e+002	8.47248e-003	6.89828e-003	5.35843e-002	-4.74499e-002	2.68217e-001	1.81335e-001	
-199.50	-4.67282e-001	-6.51109e-001	2.65873e-001	-4.32156e+001	9.44583e-001	-3.45727e+001	2.73004e+002	-8.08381e+001	-1.54432e-004	-5.56269e+002	-3.92885e+003	-7.99087e+002	1.99214e-002	1.60909e-002	1.26744e-001	-1.10331e-001	6.19114e-001	4.29009e-001	
-199.40	-8.75224e-001	-1.19748e+000	5.80368e-001	-8.51909e+001	-5.08971e-001	-6.27762e+001	5.71070e+002	-1.66539e+002	-5.28335e-004	-1.13830e+003	-8.25513e+003	-1.50570e+003	3.85723e-002	3.08988e-002	2.46815e-001	-2.11039e-001	1.17650e+000	8.35850e-001	
-199.30	-1.43839e+000	-1.92794e+000	1.09866e+000	-1.47969e+002	-4.71952e+000	-9.94900e+001	9.86564e+002	-2.81665e+002	-1.43093e-003	-1.93406e+003	-1.43314e+004	-2.41132e+003	6.60367e-002	5.24468e-002	4.24881e-001	-3.56529e-001	1.97624e+000	1.44002e+000	
-199.20	-2.15260e+000	-2.81849e+000	1.88041e+000	-2.35204e+002	-1.31972e+001	-1.42611e+002	1.52488e+003	-4.25118e+002	-3.30732e-003	-2.94633e+003	-2.22739e+004	-3.51194e+003	1.03834e-001	8.17311e-002	6.71582e-001	-5.52499e-001	3.04789e+000	2.27859e+000	
-199.10	-2.99735e+000	-3.81994e+000	2.98427e+000	-3.49966e+002	-2.75799e+001	-1.88492e+002	2.18973e+003	-5.95470e+002	-6.81094e-003	-4.17645e+003	-3.21840e+004	-4.80012e+003	1.53384e-001	1.19612e-001	9.97019e-001	-8.03278e-001	4.41470e+000	3.38737e+000	
-199.00	-3.93451e+000	-4.85741e+000	4.46444e+000	-4.94556e+002	-4.95401e+001	-2.31940e+002	2.98325e+003	-7.90898e+002	-1.28418e-002	-5.62564e+003	-4.41471e+004	-6.26533e+003	2.16006e-001	1.66811e-001	1.41067e+000	-1.11171e+000	6.09377e+000	4.80066e+000	
-198.90	-4.90758e+000	-5.83077e+000	6.36748e+000	-6.70332e+002	-8.06923e+001	-2.66267e+002	3.90610e+003	-1.00931e+003	-2.25785e-002	-7.29454e+003	-5.82319e+004	-7.89442e+003	2.92912e-001	2.23901e-001	1.92131e+000	-1.47905e+000	8.09623e+000	6.55110e+000	
-198.80	-5.84130e+000	-6.61577e+000	8.72909e+000	-8.77526e+002	-1.22506e+002	-2.83402e+002	4.95740e+003	-1.24852e+003	-3.75012e-002	-9.18238e+003	-7.44896e+004	-9.67188e+003	3.85205e-001	2.91309e-001	2.53694e+000	-1.90488e+000	1.04274e+001	8.66950e+000	
-198.70	-6.64175e+000	-7.06600e+000	1.15713e+001	-1.11508e+003	-1.76225e+002	-2.74056e+002	6.13484e+003	-1.50636e+003	-5.94032e-002	-1.12876e+004	-9.29530e+004	-1.15803e+004	4.93883e-001	3.69310e-001	3.26470e+000	-2.38701e+000	1.30872e+001	1.11846e+001	
-198.60	-7.19698e+000	-7.01543e+000	1.49001e+001	-1.38052e+003	-2.42798e+002	-2.27937e+002	7.43486e+003	-1.78069e+003	-9.03895e-002	-1.36091e+004	-1.13637e+005	-1.36010e+004	6.19837e-001	4.58030e-001	4.11083e+000	-2.92144e+000	1.60701e+001	1.41231e+001	
-198.50	-7.37798e+000	-6.28168e+000	1.87032e+001	-1.66976e+003	-3.22824e+002	-1.34014e+002	8.85285e+003	-2.06955e+003	-1.32860e-001	-1.61461e+004	-1.36536e+005	-1.57144e+004	7.63857e-001	5.57442e-001	5.08059e+000	-3.50228e+000	1.93657e+001	1.75094e+001	
-198.40	-7.04021e+000	-4.66962e+000	2.29484e+001	-1.97704e+003	-4.16508e+002	1.91855e+001	1.03833e+004	-2.37116e+003	-1.89474e-001	-1.88987e+004	-1.61630e+005	-1.79002e+004	9.26635e-001	6.67374e-001	6.17827e+000	-4.12173e+000	2.29591e+001	2.13653e+001	
-198.30	-6.02549e+000	-1.97545e+000	2.75830e+001	-2.29483e+003	-5.23638e+002	2.43244e+002	1.20199e+004	-2.68387e+003	-2.63106e-001	-2.18688e+004	-1.88879e+005	-2.01386e+004	1.10877e+000	7.87510e-001	7.40707e+000	-4.77005e+000	2.68311e+001	2.57103e+001	
-198.20	-4.16438e+000	2.00893e+000	3.25333e+001	-2.61373e+003	-6.43580e+002	5.49496e+002	1.37562e+004	-3.00625e+003	-3.56772e-001	-2.50587e+004	-2.18227e+005	-2.24100e+004	1.31079e+000	9.17395e-001	8.76915e+000	-5.43560e+000	3.09588e+001	3.05613e+001	
-198.10	-1.27887e+000	7.49153e+000	3.77044e+001	-2.92244e+003	-7.75288e+002	9.48664e+002	1.55851e+004	-3.33699e+003	-4.73549e-001	-2.84700e+004	-2.49607e+005	-2.46956e+004	1.53315e+000	1.05644e+000	1.02656e+001	-6.10484e+000	3.53158e+001	3.59327e+001	
-198.00	2.81453e+000	1.46757e+001	4.29820e+001	-3.20778e+003	-9.17333e+002	1.45048e+003	1.74998e+004	-3.67489e+003	-6.16477e-001	-3.21029e+004	-2.82936e+005	-2.69779e+004	1.77622e+000	1.20395e+000	1.18964e+001	-6.76241e+000	3.98727e+001	4.18359e+001	
-197.90	8.30142e+000	2.37556e+001	4.82331e+001	-3.45466e+003	-1.06795e+003	2.06331e+003	1.94933e+004	-4.01868e+003	-7.88446e-001	-3.59554e+004	-3.18123e+005	-2.92405e+004	2.04036e+000	1.35909e+000	1.36605e+001	-7.39119e+000	4.45979e+001	4.82799e+001	
-197.80	1.53658e+001	3.49122e+001	5.33089e+001	-3.64620e+003	-1.22512e+003	2.79380e+003	2.15595e+004	-4.36697e+003	-9.92071e-001	-4.00215e+004	-3.55069e+005	-3.14689e+004	2.32589e+000	1.52094e+000	1.55557e+001	-7.97243e+000	4.94575e+001	5.52710e+001	
-197.70	2.41863e+001	4.83089e+001	5.80471e+001	-3.76379e+003	-1.38662e+003	3.64654e+003	2.36922e+004	-4.71821e+003	-1.22956e+000	-4.42901e+004	-3.93671e+005	-3.36498e+004	2.63310e+000	1.68851e+000	1.75789e+001	-8.48591e+000	5.44161e+001	6.28128e+001	
-197.60	3.49318e+001	6.40881e+001	6.22756e+001	-3.78722e+003	-1.55013e+003	4.62377e+003	2.58863e+004	-5.07050e+003	-1.50260e+000	-4.87458e+004	-4.33819e+005	-3.57720e+004	2.96230e+000	1.86072e+000	1.97261e+001	-8.91007e+000	5.94372e+001	7.09063e+001	
-197.50	4.77577e+001	8.23678e+001	6.58159e+001	-3.69487e+003	-1.71335e+003	5.72507e+003	2.81369e+004	-5.42152e+003	-1.81217e+000	-5.33690e+004	-4.75405e+005	-3.78257e+004	3.31381e+000	2.03644e+000	2.19923e+001	-9.22227e+000	6.44839e+001	7.95498e+001	
-197.40	6.28012e+001	1.03239e+002	6.84875e+001	-3.46392e+003	-1.87409e+003	6.94716e+003	3.04402e+004	-5.76868e+003	-2.15846e+000	-5.81344e+004	-5.18316e+005	-3.98033e+004	3.68802e+000	2.21449e+000	2.43716e+001	-9.39901e+000	6.95189e+001	8.87393e+001	
-197.30	8.01771e+001	1.26762e+002	7.01120e+001	-3.07056e+003	-2.03042e+003	8.28372e+003	3.27925e+004	-6.10923e+003	-2.54072e+000	-6.30109e+004	-5.62442e+005	-4.16981e+004	4.08535e+000	2.39371e+000	2.68576e+001	-9.41618e+000	7.45053e+001	9.84684e+001	
-197.20	9.99735e+001	1.52967e+002	7.05179e+001	-2.49034e+003	-2.18073e+003	9.72528e+003	3.51909e+004	-6.44022e+003	-2.95716e+000	-6.79636e+004	-6.07674e+005	-4.35053e+004	4.50633e+000	2.57290e+000	2.94430e+001	-9.24945e+000	7.94071e+001	1.08728e+002	
-197.10	1.22248e+002	1.81850e+002	6.95446e+001	-1.69841e+003	-2.32389e+003	1.12591e+004	3.76327e+004	-6.75860e+003	-3.40483e+000	-7.29553e+004	-6.53902e+005	-4.52210e+004	4.95159e+000	2.75092e+000	3.21204e+001	-8.87454e+000	8.41893e+001	1.19508e+002	
-197.00	1.47023e+002	2.13372e+002	6.70474e+001	-6.69915e+002	-2.45935e+003	1.28692e+004	4.01155e+004	-7.06141e+003	-3.87957e+000	-7.79470e+004	-7.01017e+005	-4.68427e+004	5.42189e+000	2.92665e+000	3.48817e+001	-8.26765e+000	8.88187e+001	1.30793e+002	
-196.90	1.74282e+002	2.47461e+002	6.29009e+001	6.19636e+002	-2.58723e+003	1.45365e+004	4.26370e+004	-7.34601e+003	-4.37595e+000	-8.29001e+004	-7.48912e+005	-4.83567e+004	5.91815e+000	3.09906e+000	3.77186e+001	-7.40585e+000	9.32639e+001	1.42571e+002	
-196.80	2.03966e+002	2.84007e+002	5.70032e+001	2.19398e+003	-2.70839e+003	1.62387e+004	4.51944e+004	-7.61007e+003	-4.88724e+000	-8.77792e+004	-7.97477e+005	-4.97392e+004	6.44146e+000	3.26720e+000	4.06230e+001	-6.26759e+000	9.74961e+001	1.54822e+002	
-196.70	2.35973e+002	3.22867e+002	4.92786e+001	4.07566e+003	-2.82454e+003	1.79507e+004	4.77854e+004	-7.85147e+003	-5.40541e+000	-9.25520e+004	-8.46606e+005	-5.09681e+004	6.99312e+000	3.43024e+000	4.35866e+001	-4.83310e+000	1.01489e+002	1.67529e+002	
-196.60	2.70148e+002	3.63859e+002	3.96808e+001	6.28561e+003	-2.93823e+003	1.96446e+004	5.04070e+004	-8.06852e+003	-5.92122e+000	-9.71879e+004	-8.96193e+005	-5.20231e+004	7.57466e+000	3.58750e+000	4.66017e+001	-3.08498e+000	1.05219e+002	1.80670e+002	
-196.50	3.06289e+002	4.06768e+002	2.81937e+001	8.84267e+003	-3.05294e+003	2.12901e+004	5.30562e+004	-8.25997e+003	-6.42420e+000	-1.01658e+005	-9.46138e+005	-5.28858e+004	8.18782e+000	3.73846e+000	4.96608e+001	-1.00870e+000	1.08667e+002	1.94225e+002	
-196.40	3.44140e+002	4.51341e+002	1.48330e+001	1.17632e+004	-3.17301e+003	2.28549e+004	5.57296e+004	-8.42493e+003	-6.90285e+000	-1.05939e+005	-9.96343e+005	-5.35395e+004	8.83465e+000	3.88279e+000	5.27572e+001	1.40679e+000	1.11816e+002	2.08168e+002	
-196.30	3.83392e+002	4.97290e+002	-3.54011e-001	1.50605e+004	-3.30368e+003	2.43050e+004	5.84237e+004	-8.56282e+003	-7.34472e+000	-1.10007e+005	-1.04671e+006	-5.39702e+004	9.51747e+000	4.02038e+000	5.58852e+001	4.16852e+000	1.14654e+002	2.22475e+002	
-196.20	4.23680e+002	5.44291e+002	-1.72898e+001	1.87444e+004	-3.45098e+003	2.56050e+004	6.11346e+004	-8.67340e+003	-7.73661e+000	-1.13844e+005	-1.09716e+006	-5.41661e+004	1.02389e+001	4.15134e+000	5.90399e+001	7.27883e+000	1.17171e+002	2.37119e+002	
-196.10	4.64585e+002	5.91983e+002	-3.58682e+001	2.28211e+004	-3.62168e+003	2.67185e+004	6.38582e+004	-8.75666e+003	-8.06477e+000	-1.17435e+005	-1.14760e+006	-5.41178e+004	1.10018e+001	4.27605e+000	6.22180e+001	1.07348e+001	1.19362e+002	2.52073e+002	
-196.00	5.05636e+002	6.39968e+002	-5.59577e+001	2.72922e+004	-3.82320e+003	2.76088e+004	6.65904e+004	-8.81276e+003	-8.31510e+000	-1.20768e+005	-1.19796e+006	-5.38186e+004	1.18096e+001	4.39517e+000	6.54176e+001	1.45275e+001	1.21228e+002	2.67308e+002	
-195.90	5.46308e+002	6.87809e+002	-7.74056e+001	3.21547e+004	-4.06339e+003	2.82393e+004	6.93268e+004	-8.84208e+003	-8.47343e+000	-1.23833e+005	-1.24817e+006	-5.32646e+004	1.26659e+001	4.50965e+000	6.86385e+001	1.86416e+001	1.22772e+002	2.82793e+002	
-195.80	5.86026e+002	7.35032e+002	-1.00043e+002	3.74007e+004	-4.35048e+003	2.85738e+004	7.20631e+004	-8.84523e+003	-8.52577e+000	-1.26624e+005	-1.29816e+006	-5.24544e+004	1.35746e+001	4.62076e+000	7.18825e+001	2.30543e+001	1.24000e+002	2.98496e+002	
-195.70	6.24168e+002	7.81119e+002	-1.23689e+002	4.30167e+004	-4.69278e+003	2.85772e+004	7.47948e+004	-8.82307e+003	-8.45856e+000	-1.29137e+005	-1.34788e+006	-5.13891e+004	1.45401e+001	4.73010e+000	7.51534e+001	2.77351e+001	1.24925e+002	3.14386e+002	
-195.60	6.60072e+002	8.25512e+002	-1.48162e+002	4.89836e+004	-5.09855e+003	2.82158e+004	7.75176e+004	-8.77663e+003	-8.25897e+000	-1.31369e+005	-1.39729e+006	-5.00724e+004	1.55671e+001	4.83960e+000	7.84576e+001	3.26451e+001	1.25563e+002	3.30428e+002	
-195.50	6.93035e+002	8.67606e+002	-1.73280e+002	5.52766e+004	-5.57573e+003	2.74581e+004	8.02273e+004	-8.70722e+003	-7.91515e+000	-1.33323e+005	-1.44633e+006	-4.85102e+004	1.66608e+001	4.95157e+000	8.18038e+001	3.77360e+001	1.25932e+002	3.46585e+002	
-195.40	7.22323e+002	9.06752e+002	-1.98875e+002	6.18644e+004	-6.13170e+003	2.62749e+004	8.29198e+004	-8.61631e+003	-7.41649e+000	-1.35004e+005	-1.49498e+006	-4.67105e+004	1.78266e+001	5.06866e+000	8.52037e+001	4.29501e+001	1.26057e+002	3.62822e+002	
-195.30	7.47175e+002	9.42250e+002	-2.24795e+002	6.87099e+004	-6.77305e+003	2.46399e+004	8.55911e+004	-8.50553e+003	-6.75386e+000	-1.36424e+005	-1.54319e+006	-4.46831e+004	1.90704e+001	5.19391e+000	8.86715e+001	4.82193e+001	1.25963e+002	3.79100e+002	
-195.20	7.66813e+002	9.73353e+002	-2.50915e+002	7.57696e+004	-7.50527e+003	2.25305e+004	8.82375e+004	-8.37674e+003	-5.91979e+000	-1.37594e+005	-1.59095e+006	-4.24397e+004	2.03985e+001	5.33069e+000	9.22249e+001	5.34647e+001	1.25682e+002	3.95377e+002	
-195.10	7.80448e+002	9.99259e+002	-2.77147e+002	8.29936e+004	-8.33250e+003	1.99276e+004	9.08556e+004	-8.23210e+003	-4.90865e+000	-1.38533e+005	-1.63822e+006	-3.99932e+004	2.18174e+001	5.48279e+000	9.58843e+001	5.85963e+001	1.25246e+002	4.11613e+002	
-195.00	7.87286e+002	1.01912e+003	-3.03441e+002	9.03260e+004	-9.25728e+003	1.68165e+004	9.34421e+004	-8.07390e+003	-3.71679e+000	-1.39259e+005	-1.68500e+006	-3.73574e+004	2.33340e+001	5.65432e+000	9.96738e+001	6.35122e+001	1.24691e+002	4.27762e+002	
-194.90	7.86544e+002	1.03202e+003	-3.29797e+002	9.77048e+004	-1.02803e+004	1.31869e+004	9.59939e+004	-7.90454e+003	-2.34257e+000	-1.39797e+005	-1.73126e+006	-3.45472e+004	2.49556e+001	5.84978e+000	1.03620e+002	6.80987e+001	1.24055e+002	4.43778e+002	
-194.80	7.77451e+002	1.03700e+003	-3.56268e+002	1.05062e+005	-1.14000e+004	9.03358e+003	9.85085e+004	-7.72657e+003	-7.86457e-001	-1.40171e+005	-1.77698e+006	-3.15779e+004	2.66898e+001	6.07398e+000	1.07755e+002	7.22297e+001	1.23379e+002	4.59613e+002	
-194.70	7.59264e+002	1.03306e+003	-3.82967e+002	1.12325e+005	-1.26127e+004	4.35666e+003	1.00983e+005	-7.54259e+003	9.49083e-001	-1.40408e+005	-1.82217e+006	-2.84649e+004	2.85445e+001	6.33210e+000	1.12112e+002	7.57663e+001	1.22704e+002	4.75216e+002	
-194.60	7.31276e+002	1.01913e+003	-4.10067e+002	1.19414e+005	-1.39119e+004	-8.38310e+002	1.03416e+005	-7.35513e+003	2.85964e+000	-1.40535e+005	-1.86680e+006	-2.52237e+004	3.05276e+001	6.62958e+000	1.16728e+002	7.85574e+001	1.22073e+002	4.90531e+002	
-194.50	6.92826e+002	9.94099e+002	-4.37805e+002	1.26247e+005	-1.52885e+004	-6.53993e+003	1.05805e+005	-7.16656e+003	4.93901e+000	-1.40584e+005	-1.91087e+006	-2.18695e+004	3.26475e+001	6.97219e+000	1.21645e+002	8.04387e+001	1.21530e+002	5.05503e+002	
-194.40	6.43308e+002	9.56829e+002	-4.66481e+002	1.32737e+005	-1.67305e+004	-1.27307e+004	1.08148e+005	-6.97923e+003	7.17945e+000	-1.40582e+005	-1.95436e+006	-1.84175e+004	3.49127e+001	7.36592e+000	1.26906e+002	8.12335e+001	1.21119e+002	5.20071e+002	
-194.30	5.82184e+002	9.06133e+002	-4.96456e+002	1.38791e+005	-1.82227e+004	-1.93870e+004	1.10444e+005	-6.79545e+003	9.57188e+000	-1.40558e+005	-1.99728e+006	-1.48820e+004	3.73319e+001	7.81701e+000	1.32561e+002	8.07525e+001	1.20885e+002	5.34172e+002	
-194.20	5.08988e+002	8.40802e+002	-5.28149e+002	1.44316e+005	-1.97468e+004	-2.64787e+004	1.12691e+005	-6.61730e+003	1.21062e+001	-1.40535e+005	-2.03961e+006	-1.12770e+004	3.99137e+001	8.33187e+000	1.38658e+002	7.87939e+001	1.20869e+002	5.47739e+002	
-194.10	4.23340e+002	7.59611e+002	-5.62031e+002	1.49214e+005	-2.12814e+004	-3.39692e+004	1.14889e+005	-6.44664e+003	1.47719e+001	-1.40539e+005	-2.08134e+006	-7.61568e+003	4.26669e+001	8.91708e+000	1.45253e+002	7.51444e+001	1.21115e+002	5.60701e+002	
-194.00	3.24950e+002	6.61328e+002	-5.98614e+002	1.53389e+005	-2.28020e+004	-4.18152e+004	1.17035e+005	-6.28514e+003	1.75579e+001	-1.40592e+005	-2.12247e+006	-3.91080e+003	4.56004e+001	9.57932e+000	1.52401e+002	6.95788e+001	1.21661e+002	5.72985e+002	
-193.90	2.13629e+002	5.44733e+002	-6.38444e+002	1.56740e+005	-2.42806e+004	-4.99668e+004	1.19129e+005	-6.13428e+003	2.04537e+001	-1.40712e+005	-2.16298e+006	-1.74383e+002	4.87229e+001	1.03253e+001	1.60161e+002	6.18614e+001	1.22548e+002	5.84512e+002	
-193.80	8.92912e+001	4.08623e+002	-6.82089e+002	1.59169e+005	-2.56863e+004	-5.83676e+004	1.21170e+005	-5.99522e+003	2.34490e+001	-1.40916e+005	-2.20286e+006	3.58201e+003	5.20430e+001	1.11618e+001	1.68594e+002	5.17464e+001	1.23809e+002	5.95202e+002	
-193.70	-4.80379e+001	2.51840e+002	-7.30118e+002	1.60576e+005	-2.69853e+004	-6.69546e+004	1.23157e+005	-5.86886e+003	2.65351e+001	-1.41217e+005	-2.24209e+006	7.34717e+003	5.55691e+001	1.20955e+001	1.77764e+002	3.89785e+001	1.25478e+002	6.04968e+002	
-193.60	-1.98220e+002	7.32802e+001	-7.83097e+002	1.60864e+005	-2.81408e+004	-7.56581e+004	1.25089e+005	-5.75595e+003	2.97043e+001	-1.41626e+005	-2.28067e+006	1.11102e+004	5.93095e+001	1.31330e+001	1.87734e+002	2.32944e+001	1.27582e+002	6.13721e+002	
-193.50	-3.61001e+002	-1.28084e+002	-8.41558e+002	1.59938e+005	-2.91136e+004	-8.44026e+004	1.26965e+005	-5.65711e+003	3.29511e+001	-1.42147e+005	-2.31856e+006	1.48605e+004	6.32722e+001	1.42807e+001	1.98570e+002	4.42371e+000	1.30147e+002	6.21368e+002	
-193.40	-5.36009e+002	-3.53182e+002	-9.05991e+002	1.57707e+005	-2.98619e+004	-9.31064e+004	1.28784e+005	-5.57270e+003	3.62722e+001	-1.42779e+005	-2.35577e+006	1.85873e+004	6.74647e+001	1.55449e+001	2.10338e+002	-1.79101e+001	1.33193e+002	6.27813e+002	
-193.30	-7.22757e+002	-6.02826e+002	-9.76816e+002	1.54082e+005	-3.03420e+004	-1.01682e+005	1.30545e+005	-5.50286e+003	3.96666e+001	-1.43521e+005	-2.39225e+006	2.22800e+004	7.18942e+001	1.69315e+001	2.23105e+002	-4.39879e+001	1.36734e+002	6.32954e+002	
-193.20	-9.20644e+002	-8.77690e+002	-1.05437e+003	1.48981e+005	-3.05085e+004	-1.10037e+005	1.32249e+005	-5.44753e+003	4.31363e+001	-1.44364e+005	-2.42800e+006	2.59276e+004	7.65675e+001	1.84460e+001	2.36937e+002	-7.40937e+001	1.40780e+002	6.36690e+002	
-193.10	-1.12896e+003	-1.17829e+003	-1.13887e+003	1.42326e+005	-3.03147e+004	-1.18075e+005	1.33894e+005	-5.40759e+003	4.66859e+001	-1.45306e+005	-2.46298e+006	2.95354e+004	8.14906e+001	2.00936e+001	2.51898e+002	-1.08513e+002	1.45336e+002	6.38915e+002	
-193.00	-1.34688e+003	-1.50494e+003	-1.23043e+003	1.34046e+005	-2.97128e+004	-1.25694e+005	1.35480e+005	-5.38353e+003	5.03230e+001	-1.46338e+005	-2.49717e+006	3.31029e+004	8.66690e+001	2.18790e+001	2.68053e+002	-1.47530e+002	1.50399e+002	6.39519e+002	
-192.90	-1.57349e+003	-1.85779e+003	-1.32898e+003	1.24077e+005	-2.86547e+004	-1.32789e+005	1.37007e+005	-5.39128e+003	5.40579e+001	-1.47542e+005	-2.53054e+006	3.66192e+004	9.21077e+001	2.38063e+001	2.85463e+002	-1.91429e+002	1.55960e+002	6.38393e+002	
-192.80	-1.80779e+003	-2.23672e+003	-1.43430e+003	1.12363e+005	-2.70923e+004	-1.39255e+005	1.38474e+005	-5.43129e+003	5.79031e+001	-1.48903e+005	-2.56306e+006	4.00450e+004	9.78106e+001	2.58791e+001	3.04187e+002	-2.40488e+002	1.62006e+002	6.35424e+002	
-192.70	-2.04868e+003	-2.64139e+003	-1.54600e+003	9.88555e+004	-2.49780e+004	-1.44982e+005	1.39881e+005	-5.53508e+003	6.18734e+001	-1.50594e+005	-2.59470e+006	4.33483e+004	1.03781e+002	2.81001e+001	3.24282e+002	-2.94980e+002	1.68515e+002	6.30502e+002	
-192.60	-2.29501e+003	-3.07120e+003	-1.66345e+003	8.35151e+004	-2.22654e+004	-1.49862e+005	1.41228e+005	-5.70400e+003	6.59850e+001	-1.52603e+005	-2.62543e+006	4.64999e+004	1.10022e+002	3.04714e+001	3.45799e+002	-3.55169e+002	1.75457e+002	6.23512e+002	
-192.50	-2.54554e+003	-3.52527e+003	-1.78584e+003	6.63122e+004	-1.89096e+004	-1.53786e+005	1.42517e+005	-5.96847e+003	7.02551e+001	-1.55091e+005	-2.65522e+006	4.94809e+004	1.16533e+002	3.29943e+001	3.68786e+002	-4.21310e+002	1.82798e+002	6.14344e+002	
-192.40	-2.79900e+003	-4.00241e+003	-1.91211e+003	4.72270e+004	-1.48681e+004	-1.56649e+005	1.43748e+005	-6.32376e+003	7.47007e+001	-1.58009e+005	-2.68408e+006	5.22740e+004	1.23317e+002	3.56692e+001	3.93286e+002	-4.93644e+002	1.90495e+002	6.02887e+002	
-192.30	-3.05407e+003	-4.50117e+003	-2.04098e+003	2.62498e+004	-1.01013e+004	-1.58348e+005	1.44926e+005	-6.76243e+003	7.93377e+001	-1.61291e+005	-2.71199e+006	5.48473e+004	1.30372e+002	3.84955e+001	4.19335e+002	-5.72398e+002	1.98500e+002	5.89034e+002	
-192.20	-3.30941e+003	-5.01974e+003	-2.17091e+003	3.38147e+003	-4.57289e+003	-1.58786e+005	1.46054e+005	-7.27797e+003	8.41801e+001	-1.64876e+005	-2.73896e+006	5.71669e+004	1.37696e+002	4.14719e+001	4.46965e+002	-6.57781e+002	2.06757e+002	5.72680e+002	
-192.10	-3.56366e+003	-5.55603e+003	-2.30016e+003	-2.13661e+004	1.74908e+003	-1.57871e+005	1.47134e+005	-7.86070e+003	8.92382e+001	-1.68682e+005	-2.76502e+006	5.92133e+004	1.45287e+002	4.45957e+001	4.76198e+002	-7.49983e+002	2.15203e+002	5.53727e+002	
-192.00	-3.81545e+003	-6.10762e+003	-2.42672e+003	-4.79699e+004	8.89185e+003	-1.55520e+005	1.48173e+005	-8.50218e+003	9.45179e+001	-1.72633e+005	-2.79019e+006	6.09564e+004	1.53141e+002	4.78634e+001	5.07052e+002	-8.49173e+002	2.23769e+002	5.32080e+002	
-191.90	-4.06341e+003	-6.67179e+003	-2.54836e+003	-7.63958e+004	1.68772e+004	-1.51662e+005	1.49174e+005	-9.19193e+003	1.00018e+002	-1.76644e+005	-2.81449e+006	6.23811e+004	1.61252e+002	5.12704e+001	5.39534e+002	-9.55494e+002	2.32383e+002	5.07653e+002	
-191.80	-4.30618e+003	-7.24547e+003	-2.66266e+003	-1.06598e+005	2.57208e+004	-1.46233e+005	1.50143e+005	-9.92038e+003	1.05732e+002	-1.80635e+005	-2.83797e+006	6.34595e+004	1.69614e+002	5.48107e+001	5.73645e+002	-1.06906e+003	2.40962e+002	4.80368e+002	
-191.70	-4.54245e+003	-7.82534e+003	-2.76698e+003	-1.38520e+005	3.54316e+004	-1.39187e+005	1.51085e+005	-1.06763e+004	1.11640e+002	-1.84514e+005	-2.86065e+006	6.41819e+004	1.78220e+002	5.84775e+001	6.09375e+002	-1.18997e+003	2.49424e+002	4.50156e+002	
-191.60	-4.77089e+003	-8.40776e+003	-2.85851e+003	-1.72092e+005	4.60110e+004	-1.30490e+005	1.52004e+005	-1.14498e+004	1.17715e+002	-1.88198e+005	-2.88259e+006	6.45235e+004	1.87059e+002	6.22627e+001	6.46706e+002	-1.31827e+003	2.57678e+002	4.16959e+002	
-191.50	-4.99024e+003	-8.98882e+003	-2.93428e+003	-2.07234e+005	5.74527e+004	-1.20126e+005	1.52907e+005	-1.22294e+004	1.23915e+002	-1.91599e+005	-2.90383e+006	6.44802e+004	1.96121e+002	6.61569e+001	6.85611e+002	-1.45399e+003	2.65633e+002	3.80731e+002	
-191.40	-5.19924e+003	-9.56437e+003	-2.99122e+003	-2.43855e+005	6.97413e+004	-1.08097e+005	1.53797e+005	-1.30058e+004	1.30185e+002	-1.94636e+005	-2.92443e+006	6.40308e+004	2.05396e+002	7.01497e+001	7.26052e+002	-1.59713e+003	2.73193e+002	3.41440e+002	
-191.30	-5.39670e+003	-1.01300e+004	-3.02616e+003	-2.81850e+005	8.28526e+004	-9.44255e+004	1.54679e+005	-1.37683e+004	1.36456e+002	-1.97225e+005	-2.94444e+006	6.31772e+004	2.14869e+002	7.42295e+001	7.67980e+002	-1.74762e+003	2.80260e+002	2.99071e+002	
-191.20	-5.58143e+003	-1.06812e+004	-3.03588e+003	-3.21104e+005	9.67523e+004	-7.91538e+004	1.55558e+005	-1.45087e+004	1.42639e+002	-1.99293e+005	-2.96390e+006	6.19022e+004	2.24527e+002	7.83835e+001	8.11337e+002	-1.90540e+003	2.86737e+002	2.53624e+002	
-191.10	-5.75229e+003	-1.12130e+004	-3.01715e+003	-3.61491e+005	1.11396e+005	-6.23471e+004	1.56438e+005	-1.52177e+004	1.48631e+002	-2.00768e+005	-2.98288e+006	6.02143e+004	2.34354e+002	8.25979e+001	8.56056e+002	-2.07033e+003	2.92525e+002	2.05117e+002	
-191.00	-5.90816e+003	-1.17207e+004	-2.96677e+003	-4.02872e+005	1.26728e+005	-4.40934e+004	1.57321e+005	-1.58884e+004	1.54307e+002	-2.01591e+005	-3.00141e+006	5.81009e+004	2.44333e+002	8.68577e+001	9.02057e+002	-2.24225e+003	2.97528e+002	1.53588e+002	
-190.90	-6.04795e+003	-1.21991e+004	-2.88163e+003	-4.45098e+005	1.42683e+005	-2.45044e+004	1.58210e+005	-1.65144e+004	1.59526e+002	-2.01708e+005	-3.01957e+006	5.55746e+004	2.54446e+002	9.11469e+001	9.49251e+002	-2.42095e+003	3.01650e+002	9.90956e+001	
-190.80	-6.17055e+003	-1.26432e+004	-2.75872e+003	-4.88006e+005	1.59182e+005	-3.71564e+003	1.59108e+005	-1.70903e+004	1.64124e+002	-2.01077e+005	-3.03738e+006	5.26290e+004	2.64673e+002	9.54487e+001	9.97541e+002	-2.60617e+003	3.04802e+002	4.17227e+001	
-190.70	-6.27490e+003	-1.30478e+004	-2.59520e+003	-5.31424e+005	1.76135e+005	1.81134e+004	1.60016e+005	-1.76116e+004	1.67919e+002	-1.99663e+005	-3.05490e+006	4.92827e+004	2.74995e+002	9.97453e+001	1.04682e+003	-2.79763e+003	3.06897e+002	-1.84256e+001	
-190.60	-6.35990e+003	-1.34076e+004	-2.38847e+003	-5.75167e+005	1.93441e+005	4.08000e+004	1.60935e+005	-1.80749e+004	1.70709e+002	-1.97441e+005	-3.07216e+006	4.55350e+004	2.85390e+002	1.04018e+002	1.09696e+003	-2.99498e+003	3.07857e+002	-8.12187e+001	
-190.50	-6.42442e+003	-1.37176e+004	-2.13615e+003	-6.19038e+005	2.10986e+005	6.41385e+004	1.61867e+005	-1.84768e+004	1.72275e+002	-1.94387e+005	-3.08920e+006	4.14102e+004	2.95836e+002	1.08248e+002	1.14785e+003	-3.19784e+003	3.07611e+002	-1.46499e+002	
-190.40	-6.46734e+003	-1.39725e+004	-1.83620e+003	-6.62830e+005	2.28644e+005	8.79020e+004	1.62810e+005	-1.88160e+004	1.72378e+002	-1.90498e+005	-3.10606e+006	3.69132e+004	3.06309e+002	1.12414e+002	1.19935e+003	-3.40577e+003	3.06098e+002	-2.14083e+002	
-190.30	-6.48747e+003	-1.41676e+004	-1.48690e+003	-7.06322e+005	2.46276e+005	1.11844e+005	1.63766e+005	-1.90915e+004	1.70765e+002	-1.85776e+005	-3.12277e+006	3.20739e+004	3.16785e+002	1.16497e+002	1.25131e+003	-3.61831e+003	3.03268e+002	-2.83756e+002	
-190.20	-6.48357e+003	-1.42977e+004	-1.08694e+003	-7.49284e+005	2.63733e+005	1.35700e+005	1.64732e+005	-1.93035e+004	1.67165e+002	-1.80238e+005	-3.13934e+006	2.69041e+004	3.27241e+002	1.20476e+002	1.30360e+003	-3.83493e+003	2.99085e+002	-3.55277e+002	
-190.10	-6.45435e+003	-1.43583e+004	-6.35415e+002	-7.91470e+005	2.80853e+005	1.59189e+005	1.65709e+005	-1.94524e+004	1.61299e+002	-1.73907e+005	-3.15580e+006	2.14404e+004	3.37649e+002	1.24330e+002	1.35604e+003	-4.05508e+003	2.93527e+002	-4.28370e+002	
-190.00	-6.39844e+003	-1.43447e+004	-1.31872e+002	-8.32627e+005	2.97465e+005	1.82021e+005	1.66694e+005	-1.95399e+004	1.52877e+002	-1.66819e+005	-3.17215e+006	1.57016e+004	3.47984e+002	1.28037e+002	1.40850e+003	-4.27816e+003	2.86590e+002	-5.02732e+002	
-189.90	-6.31440e+003	-1.42528e+004	4.23653e+002	-8.72486e+005	3.13387e+005	2.03895e+005	1.67686e+005	-1.95669e+004	1.41602e+002	-1.59011e+005	-3.18842e+006	9.73157e+003	3.58221e+002	1.31577e+002	1.46081e+003	-4.50351e+003	2.78286e+002	-5.78027e+002	
-189.80	-6.20070e+003	-1.40784e+004	1.03062e+003	-9.10769e+005	3.28426e+005	2.24503e+005	1.68683e+005	-1.95364e+004	1.27177e+002	-1.50538e+005	-3.20459e+006	3.55600e+003	3.68333e+002	1.34929e+002	1.51279e+003	-4.73047e+003	2.68650e+002	-6.53885e+002	
-189.70	-6.05576e+003	-1.38177e+004	1.68797e+003	-9.47185e+005	3.42382e+005	2.43540e+005	1.69683e+005	-1.94511e+004	1.09303e+002	-1.41460e+005	-3.22068e+006	-2.77507e+003	3.78292e+002	1.38071e+002	1.56430e+003	-4.95832e+003	2.57738e+002	-7.29906e+002	
-189.60	-5.87791e+003	-1.34673e+004	2.39411e+003	-9.81432e+005	3.55049e+005	2.60700e+005	1.70683e+005	-1.93148e+004	8.76881e+001	-1.31848e+005	-3.23667e+006	-9.22829e+003	3.88073e+002	1.40985e+002	1.61516e+003	-5.18631e+003	2.45630e+002	-8.05656e+002	
-189.50	-5.66539e+003	-1.30241e+004	3.14691e+003	-1.01320e+006	3.66213e+005	2.75689e+005	1.71681e+005	-1.91319e+004	6.20505e+001	-1.21783e+005	-3.25256e+006	-1.57452e+004	3.97649e+002	1.43651e+002	1.66521e+003	-5.41365e+003	2.32431e+002	-8.80668e+002	
-189.40	-5.41641e+003	-1.24852e+004	3.94371e+003	-1.04216e+006	3.75658e+005	2.88221e+005	1.72673e+005	-1.89071e+004	3.21227e+001	-1.11353e+005	-3.26832e+006	-2.22858e+004	4.06995e+002	1.46051e+002	1.71429e+003	-5.63954e+003	2.18275e+002	-9.54443e+002	
-189.30	-5.12914e+003	-1.18481e+004	4.78130e+003	-1.06798e+006	3.83163e+005	2.98033e+005	1.73658e+005	-1.86446e+004	-2.34337e+000	-1.00648e+005	-3.28394e+006	-2.87860e+004	4.16083e+002	1.48167e+002	1.76225e+003	-5.86315e+003	2.03326e+002	-1.02645e+003	
-189.20	-4.80170e+003	-1.11108e+004	5.65598e+003	-1.09032e+006	3.88508e+005	3.04882e+005	1.74632e+005	-1.83495e+004	-4.15711e+001	-8.97675e+004	-3.29939e+006	-3.51987e+004	4.24891e+002	1.49984e+002	1.80894e+003	-6.08362e+003	1.87777e+002	-1.09613e+003	
-189.10	-4.43224e+003	-1.02717e+004	6.56351e+003	-1.10882e+006	3.91474e+005	3.08552e+005	1.75593e+005	-1.80263e+004	-8.57544e+001	-7.88100e+004	-3.31466e+006	-4.14538e+004	4.33393e+002	1.51487e+002	1.85423e+003	-6.30008e+003	1.71855e+002	-1.16288e+003	
-189.00	-4.01893e+003	-9.32942e+003	7.49923e+003	-1.12314e+006	3.91845e+005	3.08861e+005	1.76536e+005	-1.76807e+004	-1.35052e+002	-6.78815e+004	-3.32969e+006	-4.74990e+004	4.41566e+002	1.52663e+002	1.89799e+003	-6.51165e+003	1.55822e+002	-1.22608e+003	
-188.90	-3.56001e+003	-8.28316e+003	8.45800e+003	-1.13290e+006	3.89412e+005	3.05665e+005	1.77460e+005	-1.73176e+004	-1.89584e+002	-5.70894e+004	-3.34447e+006	-5.32601e+004	4.49389e+002	1.53501e+002	1.94009e+003	-6.71743e+003	1.39974e+002	-1.28509e+003	
-188.80	-3.05380e+003	-7.13252e+003	9.43426e+003	-1.13773e+006	3.83973e+005	2.98861e+005	1.78362e+005	-1.69428e+004	-2.49424e+002	-4.65457e+004	-3.35896e+006	-5.86820e+004	4.56841e+002	1.53993e+002	1.98043e+003	-6.91652e+003	1.24645e+002	-1.33921e+003	
-188.70	-2.49878e+003	-5.87754e+003	1.04221e+004	-1.13727e+006	3.75339e+005	2.88392e+005	1.79237e+005	-1.65618e+004	-3.14599e+002	-3.63607e+004	-3.37312e+006	-6.36891e+004	4.63902e+002	1.54131e+002	2.01894e+003	-7.10803e+003	1.10209e+002	-1.38776e+003	
-188.60	-1.89360e+003	-4.51871e+003	1.14153e+004	-1.13115e+006	3.63333e+005	2.74252e+005	1.80085e+005	-1.61804e+004	-3.85081e+002	-2.66485e+004	-3.38690e+006	-6.82258e+004	4.70554e+002	1.53912e+002	2.05553e+003	-7.29106e+003	9.70763e+001	-1.42999e+003	
-188.50	-1.23717e+003	-3.05701e+003	1.24073e+004	-1.11900e+006	3.47796e+005	2.56486e+005	1.80900e+005	-1.58033e+004	-4.60784e+002	-1.75143e+004	-3.40027e+006	-7.22180e+004	4.76783e+002	1.53332e+002	2.09015e+003	-7.46473e+003	8.57001e+001	-1.46515e+003	
-188.40	-5.28640e+002	-1.49389e+003	1.33914e+004	-1.10045e+006	3.28587e+005	2.35194e+005	1.81682e+005	-1.54367e+004	-5.41564e+002	-9.07168e+003	-3.41319e+006	-7.56134e+004	4.82574e+002	1.52394e+002	2.12277e+003	-7.62816e+003	7.65737e+001	-1.49248e+003	
-188.30	2.32495e+002	1.68687e+002	1.43606e+004	-1.07515e+006	3.05588e+005	2.10534e+005	1.82427e+005	-1.50866e+004	-6.27211e+002	-1.42742e+003	-3.42561e+006	-7.83439e+004	4.87915e+002	1.51101e+002	2.15339e+003	-7.78050e+003	7.02323e+001	-1.51117e+003	
-188.20	1.04637e+003	1.92826e+003	1.53078e+004	-1.04276e+006	2.78705e+005	1.82721e+005	1.83132e+005	-1.47590e+004	-7.17449e+002	5.31200e+003	-3.43749e+006	-8.03638e+004	4.92797e+002	1.49460e+002	2.18201e+003	-7.92092e+003	6.72532e+001	-1.52044e+003	
-188.10	1.91269e+003	3.78184e+003	1.62259e+004	-1.00294e+006	2.47873e+005	1.52026e+005	1.83797e+005	-1.44593e+004	-8.11935e+002	1.10460e+004	-3.44879e+006	-8.16132e+004	4.97213e+002	1.47481e+002	2.20867e+003	-8.04863e+003	6.82559e+001	-1.51945e+003	
-188.00	2.83071e+003	5.72590e+003	1.71077e+004	-9.55392e+005	2.13056e+005	1.18780e+005	1.84417e+005	-1.41932e+004	-9.10257e+002	1.56757e+004	-3.45947e+006	-8.20572e+004	5.01157e+002	1.45176e+002	2.23344e+003	-8.16285e+003	7.39021e+001	-1.50738e+003	
-187.90	3.79915e+003	7.75636e+003	1.79460e+004	-8.99818e+005	1.74250e+005	8.33646e+004	1.84993e+005	-1.39668e+004	-1.01193e+003	1.91056e+004	-3.46949e+006	-8.16477e+004	5.04628e+002	1.42563e+002	2.25641e+003	-8.26285e+003	8.48955e+001	-1.48340e+003	
-187.80	4.81621e+003	9.86855e+003	1.87337e+004	-8.35958e+005	1.31488e+005	4.62170e+004	1.85521e+005	-1.37858e+004	-1.11641e+003	2.12455e+004	-3.47882e+006	-8.03650e+004	5.07627e+002	1.39661e+002	2.27769e+003	-8.34796e+003	1.01981e+002	-1.44665e+003	
-187.70	5.87948e+003	1.20572e+004	1.94638e+004	-7.63582e+005	8.48376e+004	7.82044e+003	1.86002e+005	-1.36547e+004	-1.22308e+003	2.20178e+004	-3.48742e+006	-7.81792e+004	5.10157e+002	1.36494e+002	2.29743e+003	-8.41753e+003	1.25945e+002	-1.39630e+003	
-187.60	6.98598e+003	1.43166e+004	2.01295e+004	-6.82491e+005	3.44066e+004	-3.12978e+004	1.86434e+005	-1.35781e+004	-1.33125e+003	2.13510e+004	-3.49526e+006	-7.50875e+004	5.12224e+002	1.33090e+002	2.31582e+003	-8.47098e+003	1.57611e+002	-1.33150e+003	
-187.50	8.13206e+003	1.66401e+004	2.07240e+004	-5.92530e+005	-1.96580e+004	-7.05730e+004	1.86816e+005	-1.35596e+004	-1.44018e+003	1.91839e+004	-3.50232e+006	-7.10790e+004	5.13840e+002	1.29478e+002	2.33306e+003	-8.50778e+003	1.97844e+002	-1.25142e+003	
-187.40	9.31346e+003	1.90208e+004	2.12410e+004	-4.93586e+005	-7.71679e+004	-1.09409e+005	1.87148e+005	-1.36026e+004	-1.54906e+003	1.54614e+004	-3.50858e+006	-6.61717e+004	5.15015e+002	1.25693e+002	2.34939e+003	-8.52745e+003	2.47543e+002	-1.15523e+003	
-187.30	1.05253e+004	2.14508e+004	2.16744e+004	-3.85595e+005	-1.37893e+005	-1.47188e+005	1.87430e+005	-1.37098e+004	-1.65703e+003	1.01399e+004	-3.51401e+006	-6.03770e+004	5.15767e+002	1.21773e+002	2.36509e+003	-8.52959e+003	3.07643e+002	-1.04210e+003	
-187.20	1.17619e+004	2.39219e+004	2.20182e+004	-2.68547e+005	-2.01562e+005	-1.83275e+005	1.87664e+005	-1.38833e+004	-1.76319e+003	3.18274e+003	-3.51861e+006	-5.37352e+004	5.16115e+002	1.17759e+002	2.38044e+003	-8.51385e+003	3.79111e+002	-9.11234e+002	
-187.10	1.30173e+004	2.64249e+004	2.22669e+004	-1.42489e+005	-2.67860e+005	-2.17029e+005	1.87848e+005	-1.41243e+004	-1.86656e+003	-5.43542e+003	-3.52237e+006	-4.62816e+004	5.16081e+002	1.13697e+002	2.39580e+003	-8.47998e+003	4.62943e+002	-7.61846e+002	
-187.00	1.42846e+004	2.89502e+004	2.24153e+004	-7.53059e+003	-3.36433e+005	-2.47813e+005	1.87985e+005	-1.44338e+004	-1.96617e+003	-1.57311e+004	-3.52529e+006	-3.80805e+004	5.15691e+002	1.09635e+002	2.41152e+003	-8.42776e+003	5.60165e+002	-5.93169e+002	
-186.90	1.55565e+004	3.14875e+004	2.24586e+004	1.36154e+005	-4.06886e+005	-2.75005e+005	1.88076e+005	-1.48118e+004	-2.06099e+003	-2.77076e+004	-3.52738e+006	-2.91908e+004	5.14974e+002	1.05625e+002	2.42799e+003	-8.35707e+003	6.71825e+002	-4.04461e+002	
-186.80	1.68252e+004	3.40258e+004	2.23922e+004	2.88321e+005	-4.78786e+005	-2.98003e+005	1.88122e+005	-1.52579e+004	-2.14997e+003	-4.13598e+004	-3.52864e+006	-1.97004e+004	5.13963e+002	1.01723e+002	2.44565e+003	-8.26787e+003	7.98993e+002	-1.95010e+002	
-186.70	1.80825e+004	3.65533e+004	2.22121e+004	4.48652e+005	-5.51664e+005	-3.16242e+005	1.88125e+005	-1.57707e+004	-2.23204e+003	-5.66709e+004	-3.52911e+006	-9.69147e+003	5.12694e+002	9.79858e+001	2.46493e+003	-8.16018e+003	9.42756e+002	3.58690e+001	
-186.60	1.93197e+004	3.90580e+004	2.19144e+004	6.16756e+005	-6.25019e+005	-3.29200e+005	1.88086e+005	-1.63486e+004	-2.30614e+003	-7.36160e+004	-3.52879e+006	7.26372e+002	5.11207e+002	9.44754e+001	2.48633e+003	-8.03412e+003	1.10421e+003	2.88824e+002	
-186.50	2.05279e+004	4.15271e+004	2.14960e+004	7.92162e+005	-6.98318e+005	-3.36412e+005	1.88008e+005	-1.69889e+004	-2.37119e+003	-9.21577e+004	-3.52772e+006	1.14500e+004	5.09543e+002	9.12559e+001	2.51035e+003	-7.88986e+003	1.28448e+003	5.64468e+002	
-186.40	2.16979e+004	4.39470e+004	2.09539e+004	9.74321e+005	-7.71004e+005	-3.37475e+005	1.87893e+005	-1.76889e+004	-2.42614e+003	-1.12251e+005	-3.52595e+006	2.23507e+004	5.07748e+002	8.83939e+001	2.53751e+003	-7.72769e+003	1.48466e+003	8.63373e+002	
-186.30	2.28204e+004	4.63041e+004	2.02855e+004	1.16260e+006	-8.42496e+005	-3.32062e+005	1.87744e+005	-1.84454e+004	-2.46994e+003	-1.33845e+005	-3.52351e+006	3.33093e+004	5.05871e+002	8.59582e+001	2.56837e+003	-7.54793e+003	1.70588e+003	1.18607e+003	
-186.20	2.38863e+004	4.85839e+004	1.94887e+004	1.35629e+006	-9.12200e+005	-3.19930e+005	1.87562e+005	-1.92554e+004	-2.50157e+003	-1.56879e+005	-3.52046e+006	4.41818e+004	5.03965e+002	8.40201e+001	2.60350e+003	-7.35102e+003	1.94925e+003	1.53304e+003	
-186.10	2.48862e+004	5.07717e+004	1.85619e+004	1.55460e+006	-9.79505e+005	-3.00925e+005	1.87351e+005	-2.01142e+004	-2.52006e+003	-1.81276e+005	-3.51686e+006	5.48349e+004	5.02082e+002	8.26525e+001	2.64350e+003	-7.13747e+003	2.21587e+003	1.90473e+003	
-186.00	2.58111e+004	5.28527e+004	1.75038e+004	1.75666e+006	-1.04380e+006	-2.74992e+005	1.87112e+005	-2.10171e+004	-2.52447e+003	-2.06954e+005	-3.51277e+006	6.51165e+004	5.00282e+002	8.19298e+001	2.68895e+003	-6.90783e+003	2.50682e+003	2.30152e+003	
-185.90	2.66524e+004	5.48114e+004	1.63135e+004	1.96151e+006	-1.10446e+006	-2.42180e+005	1.86848e+005	-2.19584e+004	-2.51392e+003	-2.33819e+005	-3.50826e+006	7.48882e+004	4.98625e+002	8.19277e+001	2.74049e+003	-6.66278e+003	2.82318e+003	2.72374e+003	
-185.80	2.74017e+004	5.66325e+004	1.49906e+004	2.16813e+006	-1.16089e+006	-2.02645e+005	1.86562e+005	-2.29326e+004	-2.48760e+003	-2.61772e+005	-3.50342e+006	8.39958e+004	4.97172e+002	8.27231e+001	2.79874e+003	-6.40301e+003	3.16600e+003	3.17169e+003	
-185.70	2.80513e+004	5.83006e+004	1.35352e+004	2.37542e+006	-1.21249e+006	-1.56656e+005	1.86256e+005	-2.39335e+004	-2.44474e+003	-2.90704e+005	-3.49833e+006	9.23022e+004	4.95990e+002	8.43933e+001	2.86435e+003	-6.12934e+003	3.53627e+003	3.64557e+003	
-185.60	2.85941e+004	5.98001e+004	1.19477e+004	2.58222e+006	-1.25867e+006	-1.04591e+005	1.85933e+005	-2.49554e+004	-2.38468e+003	-3.20503e+005	-3.49307e+006	9.96594e+004	4.95145e+002	8.70157e+001	2.93794e+003	-5.84259e+003	3.93499e+003	4.14557e+003	
-185.50	2.90234e+004	6.11159e+004	1.02292e+004	2.78730e+006	-1.29888e+006	-4.69446e+004	1.85596e+005	-2.59910e+004	-2.30683e+003	-3.51044e+005	-3.48775e+006	1.05940e+005	4.94708e+002	9.06680e+001	3.02016e+003	-5.54369e+003	4.36308e+003	4.67179e+003	
-185.40	2.93338e+004	6.22330e+004	8.38110e+003	2.98937e+006	-1.33261e+006	1.56813e+004	1.85248e+005	-2.70340e+004	-2.21068e+003	-3.82201e+005	-3.48247e+006	1.11010e+005	4.94749e+002	9.54271e+001	3.11164e+003	-5.23361e+003	4.82143e+003	5.22429e+003	
-185.30	2.95204e+004	6.31368e+004	6.40540e+003	3.18709e+006	-1.35937e+006	8.25769e+004	1.84891e+005	-2.80777e+004	-2.09583e+003	-4.13840e+005	-3.47733e+006	1.14760e+005	4.95341e+002	1.01369e+002	3.21304e+003	-4.91336e+003	5.31089e+003	5.80305e+003	
-185.20	2.95795e+004	6.38131e+004	4.30469e+003	3.37910e+006	-1.37872e+006	1.52931e+005	1.84528e+005	-2.91149e+004	-1.96197e+003	-4.45822e+005	-3.47243e+006	1.17078e+005	4.96558e+002	1.08570e+002	3.32496e+003	-4.58400e+003	5.83222e+003	6.40800e+003	
-185.10	2.95082e+004	6.42486e+004	2.08209e+003	3.56398e+006	-1.39027e+006	2.25840e+005	1.84163e+005	-3.01384e+004	-1.80891e+003	-4.78004e+005	-3.46790e+006	1.17881e+005	4.98477e+002	1.17102e+002	3.44802e+003	-4.24666e+003	6.38614e+003	7.03902e+003	
-185.00	2.93048e+004	6.44306e+004	-2.58627e+002	3.74029e+006	-1.39368e+006	3.00312e+005	1.83798e+005	-3.11412e+004	-1.63655e+003	-5.10238e+005	-3.46384e+006	1.17089e+005	5.01174e+002	1.27038e+002	3.58281e+003	-3.90247e+003	6.97330e+003	7.69590e+003	
-184.90	2.89685e+004	6.43473e+004	-2.71305e+003	3.90658e+006	-1.38869e+006	3.75283e+005	1.83437e+005	-3.21164e+004	-1.44493e+003	-5.42379e+005	-3.46038e+006	1.14654e+005	5.04726e+002	1.38446e+002	3.72993e+003	-3.55260e+003	7.59427e+003	8.37839e+003	
-184.80	2.84997e+004	6.39880e+004	-5.27609e+003	4.06139e+006	-1.37509e+006	4.49626e+005	1.83083e+005	-3.30567e+004	-1.23416e+003	-5.74271e+005	-3.45762e+006	1.10533e+005	5.09212e+002	1.51394e+002	3.88991e+003	-3.19827e+003	8.24953e+003	9.08619e+003	
-184.70	2.78998e+004	6.33429e+004	-7.94192e+003	4.20327e+006	-1.35273e+006	5.22163e+005	1.82739e+005	-3.39548e+004	-1.00452e+003	-6.05758e+005	-3.45568e+006	1.04720e+005	5.14709e+002	1.65944e+002	4.06329e+003	-2.84068e+003	8.93951e+003	9.81890e+003	
-184.60	2.71713e+004	6.24038e+004	-1.07040e+004	4.33079e+006	-1.32155e+006	5.91685e+005	1.82410e+005	-3.48033e+004	-7.56381e+002	-6.36677e+005	-3.45468e+006	9.72167e+004	5.21297e+002	1.82157e+002	4.25056e+003	-2.48107e+003	9.66451e+003	1.05761e+004	
-184.50	2.63175e+004	6.11635e+004	-1.35548e+004	4.44252e+006	-1.28156e+006	6.56961e+005	1.82098e+005	-3.55957e+004	-4.90227e+002	-6.66875e+005	-3.45473e+006	8.80643e+004	5.29053e+002	2.00089e+002	4.45220e+003	-2.12068e+003	1.04248e+004	1.13573e+004	
-184.40	2.53429e+004	5.96164e+004	-1.64863e+004	4.53710e+006	-1.23284e+006	7.16761e+005	1.81807e+005	-3.63258e+004	-2.06677e+002	-6.96192e+005	-3.45593e+006	7.73137e+004	5.38055e+002	2.19793e+002	4.66864e+003	-1.76076e+003	1.12204e+004	1.21619e+004	
-184.30	2.42525e+004	5.77584e+004	-1.94894e+004	4.61320e+006	-1.17556e+006	7.69870e+005	1.81542e+005	-3.69865e+004	9.35351e+001	-7.24468e+005	-3.45839e+006	6.50536e+004	5.48381e+002	2.41317e+002	4.90026e+003	-1.40255e+003	1.20515e+004	1.29894e+004	
-184.20	2.30523e+004	5.55869e+004	-2.25541e+004	4.66957e+006	-1.10995e+006	8.15106e+005	1.81306e+005	-3.75709e+004	4.09556e+002	-7.51539e+005	-3.46221e+006	5.13861e+004	5.60108e+002	2.64703e+002	5.14742e+003	-1.04727e+003	1.29179e+004	1.38390e+004	
-184.10	2.17488e+004	5.31012e+004	-2.56696e+004	4.70501e+006	-1.03633e+006	8.51340e+005	1.81103e+005	-3.80723e+004	7.40415e+002	-7.77242e+005	-3.46747e+006	3.64505e+004	5.73311e+002	2.89990e+002	5.41043e+003	-6.96136e+002	1.38195e+004	1.47101e+004	
-184.00	2.03492e+004	5.03020e+004	-2.88242e+004	4.71841e+006	-9.55091e+005	8.77512e+005	1.80937e+005	-3.84847e+004	1.08502e+003	-8.01419e+005	-3.47426e+006	2.03987e+004	5.88064e+002	3.17211e+002	5.68955e+003	-3.50352e+002	1.47560e+004	1.56019e+004	
-183.90	1.88607e+004	4.71919e+004	-3.20051e+004	4.70876e+006	-8.66692e+005	8.92650e+005	1.80810e+005	-3.88033e+004	1.44218e+003	-8.23914e+005	-3.48265e+006	3.41817e+003	6.04440e+002	3.46394e+002	5.98498e+003	-1.10823e+001	1.57270e+004	1.65135e+004	
-183.80	1.72912e+004	4.37750e+004	-3.51988e+004	4.67514e+006	-7.71661e+005	8.95888e+005	1.80728e+005	-3.90226e+004	1.81058e+003	-8.44569e+005	-3.49270e+006	-1.42946e+004	6.22509e+002	3.77560e+002	6.29690e+003	3.20534e+002	1.67320e+004	1.74442e+004	
-183.70	1.56484e+004	4.00573e+004	-3.83908e+004	4.61677e+006	-6.70590e+005	8.86480e+005	1.80692e+005	-3.91376e+004	2.18878e+003	-8.63229e+005	-3.50446e+006	-3.25107e+004	6.42342e+002	4.10726e+002	6.62541e+003	6.43394e+002	1.77705e+004	1.83930e+004	
-183.60	1.39399e+004	3.60466e+004	-4.15658e+004	4.53295e+006	-5.64127e+005	8.63815e+005	1.80707e+005	-3.91439e+004	2.57527e+003	-8.79746e+005	-3.51796e+006	-5.09942e+004	6.64006e+002	4.45902e+002	6.97057e+003	9.56431e+002	1.88416e+004	1.93590e+004	
-183.50	1.21732e+004	3.17521e+004	-4.47078e+004	4.42316e+006	-4.52973e+005	8.27437e+005	1.80774e+005	-3.90377e+004	2.96842e+003	-8.93972e+005	-3.53323e+006	-6.94826e+004	6.87563e+002	4.83091e+002	7.33237e+003	1.25862e+003	1.99445e+004	2.03412e+004	
-183.40	1.03556e+004	2.71847e+004	-4.77996e+004	4.28696e+006	-3.37873e+005	7.77046e+005	1.80897e+005	-3.88168e+004	3.36649e+003	-9.05772e+005	-3.55027e+006	-8.77108e+004	7.13079e+002	5.22291e+002	7.71078e+003	1.54900e+003	2.10784e+004	2.13385e+004	
-183.30	8.49368e+003	2.23570e+004	-5.08238e+004	4.12410e+006	-2.19606e+005	7.12521e+005	1.81076e+005	-3.84776e+004	3.76767e+003	-9.15005e+005	-3.56909e+006	-1.05394e+005	7.40611e+002	5.63494e+002	8.10567e+003	1.82662e+003	2.22421e+004	2.23500e+004	
-183.20	6.59344e+003	1.72828e+004	-5.37620e+004	3.93446e+006	-9.89806e+004	6.33917e+005	1.81313e+005	-3.80256e+004	4.17004e+003	-9.21586e+005	-3.58965e+006	-1.22248e+005	7.70216e+002	6.06686e+002	8.51687e+003	2.09063e+003	2.34345e+004	2.33745e+004	
-183.10	4.66020e+003	1.19775e+004	-5.65956e+004	3.71807e+006	2.31739e+004	5.41480e+005	1.81609e+005	-3.74594e+004	4.57160e+003	-9.25389e+005	-3.61192e+006	-1.37985e+005	8.01950e+002	6.51844e+002	8.94418e+003	2.34019e+003	2.46544e+004	2.44109e+004	
-183.00	2.69842e+003	6.45755e+003	-5.93052e+004	3.47512e+006	1.46019e+005	4.35646e+005	1.81963e+005	-3.67788e+004	4.97029e+003	-9.26299e+005	-3.63583e+006	-1.52321e+005	8.35861e+002	6.98942e+002	9.38731e+003	2.57454e+003	2.59004e+004	2.54582e+004	
-182.90	7.11664e+002	7.40764e+002	-6.18714e+004	3.20596e+006	2.68716e+005	3.17044e+005	1.82376e+005	-3.59830e+004	5.36394e+003	-9.24205e+005	-3.66133e+006	-1.64971e+005	8.71999e+002	7.47946e+002	9.84593e+003	2.79297e+003	2.71711e+004	2.65151e+004	
-182.80	-1.29753e+003	-5.15416e+003	-6.42744e+004	2.91108e+006	3.90433e+005	1.86494e+005	1.82847e+005	-3.50733e+004	5.75035e+003	-9.19010e+005	-3.68832e+006	-1.75665e+005	9.10408e+002	7.98817e+002	1.03196e+004	2.99483e+003	2.84649e+004	2.75806e+004	
-182.70	-3.32761e+003	-1.12076e+004	-6.64945e+004	2.59115e+006	5.10357e+005	4.50024e+004	1.83373e+005	-3.40503e+004	6.12724e+003	-9.10621e+005	-3.71672e+006	-1.84141e+005	9.51127e+002	8.51509e+002	1.08080e+004	3.17952e+003	2.97801e+004	2.86533e+004	
-182.60	-5.37809e+003	-1.73991e+004	-6.85121e+004	2.24699e+006	6.27701e+005	-1.06240e+005	1.83953e+005	-3.29186e+004	6.49229e+003	-8.98971e+005	-3.74638e+006	-1.90162e+005	9.94196e+002	9.05972e+002	1.13106e+004	3.34650e+003	3.11152e+004	2.97321e+004	
-182.50	-7.44951e+003	-2.37076e+004	-7.03078e+004	1.87957e+006	7.41717e+005	-2.65873e+005	1.84584e+005	-3.16819e+004	6.84312e+003	-8.83996e+005	-3.77720e+006	-1.93504e+005	1.03965e+003	9.62148e+002	1.18268e+004	3.49530e+003	3.24683e+004	3.08158e+004	
-182.40	-9.54339e+003	-3.01114e+004	-7.18626e+004	1.49002e+006	8.51698e+005	-4.32374e+005	1.85261e+005	-3.03456e+004	7.17733e+003	-8.65651e+005	-3.80902e+006	-1.93977e+005	1.08751e+003	1.01998e+003	1.23560e+004	3.62547e+003	3.38376e+004	3.19033e+004	
-182.30	-1.16622e+004	-3.65887e+004	-7.31582e+004	1.07959e+006	9.56995e+005	-6.04073e+005	1.85981e+005	-2.89160e+004	7.49248e+003	-8.43901e+005	-3.84170e+006	-1.91411e+005	1.13782e+003	1.07939e+003	1.28977e+004	3.73665e+003	3.52211e+004	3.29931e+004	
-182.20	-1.38092e+004	-4.31171e+004	-7.41770e+004	6.49705e+005	1.05701e+006	-7.79169e+005	1.86739e+005	-2.73998e+004	7.78612e+003	-8.18726e+005	-3.87505e+006	-1.85680e+005	1.19058e+003	1.14031e+003	1.34511e+004	3.82850e+003	3.66170e+004	3.40843e+004	
-182.10	-1.59885e+004	-4.96742e+004	-7.49023e+004	2.01898e+005	1.15123e+006	-9.55751e+005	1.87530e+005	-2.58035e+004	8.05580e+003	-7.90114e+005	-3.90892e+006	-1.76684e+005	1.24583e+003	1.20268e+003	1.40156e+004	3.90074e+003	3.80231e+004	3.51755e+004	
-182.00	-1.82046e+004	-5.62374e+004	-7.53187e+004	-2.62163e+005	1.23920e+006	-1.13181e+006	1.88348e+005	-2.41339e+004	8.29907e+003	-7.58064e+005	-3.94311e+006	-1.64371e+005	1.30358e+003	1.26640e+003	1.45904e+004	3.95315e+003	3.94375e+004	3.62655e+004	
-181.90	-2.04625e+004	-6.27842e+004	-7.54118e+004	-7.40691e+005	1.32055e+006	-1.30527e+006	1.89187e+005	-2.23984e+004	8.51350e+003	-7.22590e+005	-3.97744e+006	-1.48722e+005	1.36384e+003	1.33139e+003	1.51747e+004	3.98551e+003	4.08582e+004	3.73531e+004	
-181.80	-2.27676e+004	-6.92921e+004	-7.51689e+004	-1.23180e+006	1.39499e+006	-1.47401e+006	1.90040e+005	-2.06049e+004	8.69669e+003	-6.83718e+005	-4.01173e+006	-1.29769e+005	1.42661e+003	1.39757e+003	1.57677e+004	3.99768e+003	4.22829e+004	3.84372e+004	
-181.70	-2.51249e+004	-7.57389e+004	-7.45788e+004	-1.73348e+006	1.46231e+006	-1.63588e+006	1.90902e+005	-1.87615e+004	8.84629e+003	-6.41490e+005	-4.04577e+006	-1.07582e+005	1.49191e+003	1.46484e+003	1.63687e+004	3.98952e+003	4.37096e+004	3.95164e+004	
-181.60	-2.75397e+004	-8.21024e+004	-7.36320e+004	-2.24367e+006	1.52240e+006	-1.78874e+006	1.91766e+005	-1.68778e+004	8.96000e+003	-5.95968e+005	-4.07939e+006	-8.22822e+004	1.55972e+003	1.53312e+003	1.69767e+004	3.96094e+003	4.51363e+004	4.05898e+004	
-181.50	-3.00164e+004	-8.83608e+004	-7.23209e+004	-2.76019e+006	1.57522e+006	-1.93046e+006	1.92625e+005	-1.49626e+004	9.03561e+003	-5.47221e+005	-4.11238e+006	-5.40318e+004	1.63006e+003	1.60231e+003	1.75909e+004	3.91186e+003	4.65607e+004	4.16560e+004	
-181.40	-3.25591e+004	-9.44923e+004	-7.06400e+004	-3.28082e+006	1.62084e+006	-2.05899e+006	1.93472e+005	-1.30316e+004	9.07098e+003	-4.95378e+005	-4.14456e+006	-2.30497e+004	1.70291e+003	1.67231e+003	1.82105e+004	3.84223e+003	4.79809e+004	4.27140e+004	
-181.30	-3.51706e+004	-1.00476e+005	-6.85858e+004	-3.80328e+006	1.65940e+006	-2.17233e+006	1.94301e+005	-1.10948e+004	9.06411e+003	-4.40542e+005	-4.17575e+006	1.04142e+004	1.77826e+003	1.74303e+003	1.88345e+004	3.75200e+003	4.93948e+004	4.37626e+004	
-181.20	-3.78529e+004	-1.06290e+005	-6.61569e+004	-4.32522e+006	1.69112e+006	-2.26861e+006	1.95106e+005	-9.16324e+003	9.01310e+003	-3.82840e+005	-4.20578e+006	4.60575e+004	1.85610e+003	1.81436e+003	1.94621e+004	3.64114e+003	5.08003e+004	4.48008e+004	
-181.10	-4.06063e+004	-1.11913e+005	-6.33543e+004	-4.84428e+006	1.71629e+006	-2.34608e+006	1.95880e+005	-7.24630e+003	8.91620e+003	-3.22401e+005	-4.23449e+006	8.35417e+004	1.93640e+003	1.88621e+003	2.00924e+004	3.50964e+003	5.21955e+004	4.58274e+004	
